[[-1.   5.1  3.5  1.4  0.2]
 [-1.   4.9  3.   1.4  0.2]
 [-1.   4.7  3.2  1.3  0.2]
 [-1.   4.6  3.1  1.5  0.2]
 [-1.   5.   3.6  1.4  0.2]
 [-1.   5.4  3.9  1.7  0.4]
 [-1.   4.6  3.4  1.4  0.3]
 [-1.   5.   3.4  1.5  0.2]
 [-1.   4.4  2.9  1.4  0.2]
 [-1.   4.9  3.1  1.5  0.1]
 [-1.   5.4  3.7  1.5  0.2]
 [-1.   4.8  3.4  1.6  0.2]
 [-1.   4.8  3.   1.4  0.1]
 [-1.   4.3  3.   1.1  0.1]
 [-1.   5.8  4.   1.2  0.2]
 [-1.   5.7  4.4  1.5  0.4]
 [-1.   5.4  3.9  1.3  0.4]
 [-1.   5.1  3.5  1.4  0.3]
 [-1.   5.7  3.8  1.7  0.3]
 [-1.   5.1  3.8  1.5  0.3]
 [-1.   4.8  3.1  1.6  0.2]
 [-1.   5.4  3.4  1.5  0.4]
 [-1.   5.2  4.1  1.5  0.1]
 [-1.   5.5  4.2  1.4  0.2]
 [-1.   4.9  3.1  1.5  0.1]
 [-1.   5.   3.2  1.2  0.2]
 [-1.   5.5  3.5  1.3  0.2]
 [-1.   4.9  3.1  1.5  0.1]
 [-1.   4.4  3.   1.3  0.2]
 [-1.   5.1  3.4  1.5  0.2]
 [-1.   5.   3.5  1.3  0.3]
 [-1.   4.5  2.3  1.3  0.3]
 [-1.   4.4  3.2  1.3  0.2]
 [-1.   5.   3.5  1.6  0.6]
 [-1.   5.1  3.8  1.9  0.4]
 [-1.   4.8  3.   1.4  0.3]
 [-1.   5.1  3.8  1.6  0.2]
 [-1.   4.6  3.2  1.4  0.2]
 [-1.   5.3  3.7  1.5  0.2]
 [-1.   5.   3.3  1.4  0.2]
 [-1.   7.   3.2  4.7  1.4]
 [-1.   6.4  3.2  4.5  1.5]
 [-1.   6.9  3.1  4.9  1.5]
 [-1.   5.5  2.3  4.   1.3]
 [-1.   6.5  2.8  4.6  1.5]
 [-1.   5.7  2.8  4.5  1.3]
 [-1.   6.3  3.3  4.7  1.6]
 [-1.   4.9  2.4  3.3  1. ]
 [-1.   6.6  2.9  4.6  1.3]
 [-1.   5.2  2.7  3.9  1.4]
 [-1.   5.   2.   3.5  1. ]
 [-1.   5.9  3.   4.2  1.5]
 [-1.   6.   2.2  4.   1. ]
 [-1.   6.1  2.9  4.7  1.4]
 [-1.   5.6  2.9  3.6  1.3]
 [-1.   6.7  3.1  4.4  1.4]
 [-1.   5.6  3.   4.5  1.5]
 [-1.   5.8  2.7  4.1  1. ]
 [-1.   6.2  2.2  4.5  1.5]
 [-1.   5.6  2.5  3.9  1.1]
 [-1.   5.5  2.4  3.8  1.1]
 [-1.   5.5  2.4  3.7  1. ]
 [-1.   5.8  2.7  3.9  1.2]
 [-1.   6.   2.7  5.1  1.6]
 [-1.   5.4  3.   4.5  1.5]
 [-1.   6.   3.4  4.5  1.6]
 [-1.   6.7  3.1  4.7  1.5]
 [-1.   6.3  2.3  4.4  1.3]
 [-1.   5.6  3.   4.1  1.3]
 [-1.   5.5  2.5  4.   1.3]
 [-1.   5.5  2.6  4.4  1.2]
 [-1.   6.1  3.   4.6  1.4]
 [-1.   5.8  2.6  4.   1.2]
 [-1.   5.   2.3  3.3  1. ]
 [-1.   5.6  2.7  4.2  1.3]
 [-1.   5.7  3.   4.2  1.2]
 [-1.   5.7  2.9  4.2  1.3]
 [-1.   6.2  2.9  4.3  1.3]
 [-1.   5.1  2.5  3.   1.1]
 [-1.   5.7  2.8  4.1  1.3]
 [-1.   6.3  3.3  6.   2.5]
 [-1.   5.8  2.7  5.1  1.9]
 [-1.   7.1  3.   5.9  2.1]
 [-1.   6.3  2.9  5.6  1.8]
 [-1.   6.5  3.   5.8  2.2]
 [-1.   7.6  3.   6.6  2.1]
 [-1.   4.9  2.5  4.5  1.7]
 [-1.   7.3  2.9  6.3  1.8]
 [-1.   6.7  2.5  5.8  1.8]
 [-1.   7.2  3.6  6.1  2.5]
 [-1.   6.5  3.2  5.1  2. ]
 [-1.   6.4  2.7  5.3  1.9]
 [-1.   6.8  3.   5.5  2.1]
 [-1.   5.7  2.5  5.   2. ]
 [-1.   5.8  2.8  5.1  2.4]
 [-1.   6.4  3.2  5.3  2.3]
 [-1.   6.5  3.   5.5  1.8]
 [-1.   7.7  3.8  6.7  2.2]
 [-1.   7.7  2.6  6.9  2.3]
 [-1.   6.   2.2  5.   1.5]
 [-1.   7.4  2.8  6.1  1.9]
 [-1.   7.9  3.8  6.4  2. ]
 [-1.   6.4  2.8  5.6  2.2]
 [-1.   6.3  2.8  5.1  1.5]
 [-1.   6.1  2.6  5.6  1.4]
 [-1.   7.7  3.   6.1  2.3]
 [-1.   6.3  3.4  5.6  2.4]
 [-1.   6.4  3.1  5.5  1.8]
 [-1.   6.   3.   4.8  1.8]
 [-1.   6.9  3.1  5.4  2.1]
 [-1.   6.7  3.1  5.6  2.4]
 [-1.   6.9  3.1  5.1  2.3]
 [-1.   5.8  2.7  5.1  1.9]
 [-1.   6.8  3.2  5.9  2.3]
 [-1.   6.7  3.3  5.7  2.5]
 [-1.   6.7  3.   5.2  2.3]
 [-1.   6.3  2.5  5.   1.9]
 [-1.   6.5  3.   5.2  2. ]
 [-1.   6.2  3.4  5.4  2.3]
 [-1.   5.9  3.   5.1  1.8]]
[[1 0 0]
 [1 0 0]
 [1 0 0]
 [1 0 0]
 [1 0 0]
 [1 0 0]
 [1 0 0]
 [1 0 0]
 [1 0 0]
 [1 0 0]
 [1 0 0]
 [1 0 0]
 [1 0 0]
 [1 0 0]
 [1 0 0]
 [1 0 0]
 [1 0 0]
 [1 0 0]
 [1 0 0]
 [1 0 0]
 [1 0 0]
 [1 0 0]
 [1 0 0]
 [1 0 0]
 [1 0 0]
 [1 0 0]
 [1 0 0]
 [1 0 0]
 [1 0 0]
 [1 0 0]
 [1 0 0]
 [1 0 0]
 [1 0 0]
 [1 0 0]
 [1 0 0]
 [1 0 0]
 [1 0 0]
 [1 0 0]
 [1 0 0]
 [1 0 0]
 [0 1 0]
 [0 1 0]
 [0 1 0]
 [0 1 0]
 [0 1 0]
 [0 1 0]
 [0 1 0]
 [0 1 0]
 [0 1 0]
 [0 1 0]
 [0 1 0]
 [0 1 0]
 [0 1 0]
 [0 1 0]
 [0 1 0]
 [0 1 0]
 [0 1 0]
 [0 1 0]
 [0 1 0]
 [0 1 0]
 [0 1 0]
 [0 1 0]
 [0 1 0]
 [0 1 0]
 [0 1 0]
 [0 1 0]
 [0 1 0]
 [0 1 0]
 [0 1 0]
 [0 1 0]
 [0 1 0]
 [0 1 0]
 [0 1 0]
 [0 1 0]
 [0 1 0]
 [0 1 0]
 [0 1 0]
 [0 1 0]
 [0 1 0]
 [0 1 0]
 [0 0 1]
 [0 0 1]
 [0 0 1]
 [0 0 1]
 [0 0 1]
 [0 0 1]
 [0 0 1]
 [0 0 1]
 [0 0 1]
 [0 0 1]
 [0 0 1]
 [0 0 1]
 [0 0 1]
 [0 0 1]
 [0 0 1]
 [0 0 1]
 [0 0 1]
 [0 0 1]
 [0 0 1]
 [0 0 1]
 [0 0 1]
 [0 0 1]
 [0 0 1]
 [0 0 1]
 [0 0 1]
 [0 0 1]
 [0 0 1]
 [0 0 1]
 [0 0 1]
 [0 0 1]
 [0 0 1]
 [0 0 1]
 [0 0 1]
 [0 0 1]
 [0 0 1]
 [0 0 1]
 [0 0 1]
 [0 0 1]
 [0 0 1]
 [0 0 1]]
Estimating weights...
[5 5 4]
1 , 39.941474311
2 , 37.8799679269
3 , 36.0219509275
4 , 34.3575022855
5 , 32.9008378358
6 , 31.6608985733
7 , 30.6325737362
8 , 29.7979539737
9 , 29.1314449246
10 , 28.6050296196
11 , 28.1920064738
12 , 27.8689684699
13 , 27.616455414
14 , 27.4188259371
15 , 27.263770761
16 , 27.1417237744
17 , 27.0453007023
18 , 26.9688174357
19 , 26.9078992462
20 , 26.8591737523
21 , 26.8200341341
22 , 26.7884584088
23 , 26.7628721995
24 , 26.7420447067
25 , 26.725009802
26 , 26.7110060517
27 , 26.6994309874
28 , 26.6898061097
29 , 26.6817499959
30 , 26.6749575461
31 , 26.6691838963
32 , 26.6642318956
33 , 26.6599423147
34 , 26.65618616
35 , 26.6528586145
36 , 26.6498742441
37 , 26.64716319
38 , 26.6446681346
39 , 26.6423418746
40 , 26.640145374
41 , 26.6380461969
42 , 26.6360172417
43 , 26.6340357161
44 , 26.6320823037
45 , 26.6301404842
46 , 26.628195977
47 , 26.6262362834
48 , 26.624250308
49 , 26.6222280444
50 , 26.6201603115
51 , 26.6180385302
52 , 26.6158545333
53 , 26.6136004
54 , 26.6112683111
55 , 26.6088504176
56 , 26.6063387219
57 , 26.6037249647
58 , 26.6010005174
59 , 26.5981562745
60 , 26.5951825462
61 , 26.5920689462
62 , 26.5888042736
63 , 26.5853763859
64 , 26.5817720614
65 , 26.5779768461
66 , 26.5739748843
67 , 26.5697487283
68 , 26.5652791228
69 , 26.5605447611
70 , 26.5555220066
71 , 26.5501845746
72 , 26.5445031675
73 , 26.5384450555
74 , 26.531973595
75 , 26.5250476738
76 , 26.517621073
77 , 26.5096417333
78 , 26.5010509121
79 , 26.491782221
80 , 26.4817605277
81 , 26.4709007166
82 , 26.4591063008
83 , 26.4462678929
84 , 26.4322615556
85 , 26.4169470811
86 , 26.400166289
87 , 26.3817414943
88 , 26.3614743891
89 , 26.3391457032
90 , 26.3145161824
91 , 26.2873296278
92 , 26.25731897
93 , 26.2242165534
94 , 26.1877698644
95 , 26.1477636695
96 , 26.1040486639
97 , 26.0565749824
98 , 26.0054261686
99 , 25.9508458338
100 , 25.8932465357
101 , 25.8331905579
102 , 25.7713374906
103 , 25.7083640263
104 , 25.6448736345
105 , 25.5813209771
106 , 25.5179724065
107 , 25.454910175
108 , 25.3920715433
109 , 25.3293038033
110 , 25.2664162687
111 , 25.2032177017
112 , 25.1395365048
113 , 25.0752269771
114 , 25.010166962
115 , 24.9442515414
116 , 24.8773857433
117 , 24.8094776603
118 , 24.7404323352
119 , 24.6701462388
120 , 24.5985019717
121 , 24.5253628101
122 , 24.4505667841
123 , 24.3739201091
124 , 24.295189994
125 , 24.2140972042
126 , 24.1303093859
127 , 24.0434372342
128 , 23.9530373328
129 , 23.8586280295
130 , 23.7597277202
131 , 23.6559268732
132 , 23.5470021198
133 , 23.433066086
134 , 23.3147146188
135 , 23.1930915103
136 , 23.0697768567
137 , 22.9464717637
138 , 22.8245942943
139 , 22.7049978583
140 , 22.5879474478
141 , 22.4733028528
142 , 22.3607514664
143 , 22.249973795
144 , 22.140717412
145 , 22.0328087531
146 , 21.9261380169
147 , 21.8206388798
148 , 21.7162718178
149 , 21.613012759
150 , 21.5108461413
151 , 21.4097609548
152 , 21.3097486044
153 , 21.2108018094
154 , 21.1129140632
155 , 21.0160793809
156 , 20.9202921863
157 , 20.8255472609
158 , 20.731839715
159 , 20.6391649618
160 , 20.5475186893
161 , 20.4568968236
162 , 20.3672954884
163 , 20.2787109583
164 , 20.1911396099
165 , 20.1045778718
166 , 20.0190221747
167 , 19.9344689034
168 , 19.8509143513
169 , 19.7683546788
170 , 19.6867858751
171 , 19.6062037248
172 , 19.5266037784
173 , 19.4479813282
174 , 19.3703313877
175 , 19.2936486758
176 , 19.2179276049
177 , 19.1431622728
178 , 19.0693464586
179 , 18.9964736205
180 , 18.9245368981
181 , 18.8535291159
182 , 18.78344279
183 , 18.7142701362
184 , 18.6460030802
185 , 18.5786332685
186 , 18.5121520814
187 , 18.4465506461
188 , 18.3818198513
189 , 18.3179503615
190 , 18.2549326322
191 , 18.1927569254
192 , 18.1314133248
193 , 18.0708917513
194 , 18.0111819779
195 , 17.9522736453
196 , 17.894156276
197 , 17.8368192891
198 , 17.7802520139
199 , 17.7244437038
200 , 17.669383549
201 , 17.6150606892
202 , 17.5614642256
203 , 17.5085832322
204 , 17.4564067671
205 , 17.4049238826
206 , 17.3541236349
207 , 17.3039950939
208 , 17.2545273517
209 , 17.2057095307
210 , 17.1575307919
211 , 17.1099803416
212 , 17.0630474386
213 , 17.0167214003
214 , 16.9709916089
215 , 16.9258475166
216 , 16.8812786508
217 , 16.8372746188
218 , 16.793825112
219 , 16.7509199101
220 , 16.7085488843
221 , 16.6667020012
222 , 16.6253693252
223 , 16.5845410218
224 , 16.5442073593
225 , 16.5043587119
226 , 16.4649855608
227 , 16.4260784965
228 , 16.38762822
229 , 16.3496255443
230 , 16.3120613954
231 , 16.2749268132
232 , 16.2382129524
233 , 16.2019110831
234 , 16.1660125914
235 , 16.1305089793
236 , 16.0953918656
237 , 16.0606529854
238 , 16.0262841905
239 , 15.992277449
240 , 15.9586248455
241 , 15.9253185804
242 , 15.8923509697
243 , 15.8597144449
244 , 15.8274015518
245 , 15.7954049506
246 , 15.763717415
247 , 15.7323318315
248 , 15.7012411986
249 , 15.6704386264
250 , 15.6399173354
251 , 15.6096706559
252 , 15.5796920268
253 , 15.549974995
254 , 15.5205132147
255 , 15.4913004455
256 , 15.4623305524
257 , 15.4335975043
258 , 15.4050953731
259 , 15.3768183323
260 , 15.3487606567
261 , 15.3209167205
262 , 15.2932809965
263 , 15.2658480554
264 , 15.2386125641
265 , 15.2115692847
266 , 15.1847130737
267 , 15.1580388805
268 , 15.1315417465
269 , 15.1052168036
270 , 15.0790592737
271 , 15.0530644667
272 , 15.0272277802
273 , 15.0015446976
274 , 14.9760107875
275 , 14.9506217022
276 , 14.9253731767
277 , 14.9002610276
278 , 14.8752811518
279 , 14.8504295255
280 , 14.825702203
281 , 14.8010953154
282 , 14.7766050697
283 , 14.7522277479
284 , 14.7279597051
285 , 14.7037973692
286 , 14.6797372393
287 , 14.655775885
288 , 14.6319099448
289 , 14.6081361254
290 , 14.5844512007
291 , 14.5608520103
292 , 14.5373354588
293 , 14.5138985147
294 , 14.4905382094
295 , 14.4672516358
296 , 14.4440359479
297 , 14.4208883594
298 , 14.3978061427
299 , 14.374786628
300 , 14.3518272026
301 , 14.3289253093
302 , 14.306078446
303 , 14.2832841648
304 , 14.2605400705
305 , 14.2378438204
306 , 14.2151931229
307 , 14.1925857368
308 , 14.1700194706
309 , 14.1474921811
310 , 14.1250017734
311 , 14.1025461992
312 , 14.0801234565
313 , 14.0577315887
314 , 14.0353686838
315 , 14.0130328735
316 , 13.9907223326
317 , 13.9684352782
318 , 13.946169969
319 , 13.9239247042
320 , 13.9016978235
321 , 13.8794877058
322 , 13.8572927689
323 , 13.8351114683
324 , 13.8129422972
325 , 13.7907837854
326 , 13.7686344989
327 , 13.7464930391
328 , 13.7243580422
329 , 13.702228179
330 , 13.6801021535
331 , 13.6579787032
332 , 13.635856598
333 , 13.6137346398
334 , 13.591611662
335 , 13.5694865288
336 , 13.547358135
337 , 13.5252254053
338 , 13.5030872935
339 , 13.4809427827
340 , 13.4587908844
341 , 13.4366306379
342 , 13.4144611101
343 , 13.3922813951
344 , 13.3700906136
345 , 13.3478879124
346 , 13.3256724643
347 , 13.3034434674
348 , 13.2812001449
349 , 13.2589417445
350 , 13.2366675382
351 , 13.2143768218
352 , 13.1920689147
353 , 13.1697431594
354 , 13.1473989212
355 , 13.1250355878
356 , 13.1026525691
357 , 13.0802492966
358 , 13.0578252235
359 , 13.035379824
360 , 13.0129125933
361 , 12.990423047
362 , 12.967910721
363 , 12.9453751711
364 , 12.9228159728
365 , 12.9002327212
366 , 12.8776250302
367 , 12.8549925327
368 , 12.8323348804
369 , 12.809651743
370 , 12.7869428086
371 , 12.7642077829
372 , 12.7414463893
373 , 12.7186583686
374 , 12.6958434788
375 , 12.6730014946
376 , 12.6501322075
377 , 12.6272354255
378 , 12.6043109728
379 , 12.5813586896
380 , 12.5583784319
381 , 12.5353700713
382 , 12.5123334948
383 , 12.4892686048
384 , 12.4661753184
385 , 12.4430535676
386 , 12.4199032992
387 , 12.3967244742
388 , 12.3735170679
389 , 12.3502810697
390 , 12.3270164828
391 , 12.3037233242
392 , 12.2804016242
393 , 12.2570514267
394 , 12.2336727885
395 , 12.2102657796
396 , 12.1868304826
397 , 12.163366993
398 , 12.1398754185
399 , 12.1163558794
400 , 12.0928085079
401 , 12.0692334483
402 , 12.0456308566
403 , 12.0220009008
404 , 11.9983437599
405 , 11.9746596247
406 , 11.9509486969
407 , 11.9272111893
408 , 11.9034473257
409 , 11.8796573403
410 , 11.8558414782
411 , 11.8319999948
412 , 11.8081331557
413 , 11.7842412367
414 , 11.7603245234
415 , 11.7363833114
416 , 11.7124179059
417 , 11.6884286214
418 , 11.6644157822
419 , 11.6403797213
420 , 11.6163207812
421 , 11.592239313
422 , 11.5681356767
423 , 11.544010241
424 , 11.519863383
425 , 11.495695488
426 , 11.4715069498
427 , 11.4472981698
428 , 11.4230695578
429 , 11.3988215309
430 , 11.3745545141
431 , 11.3502689396
432 , 11.3259652473
433 , 11.3016438838
434 , 11.2773053031
435 , 11.2529499659
436 , 11.2285783397
437 , 11.2041908986
438 , 11.179788123
439 , 11.1553704999
440 , 11.1309385221
441 , 11.1064926887
442 , 11.0820335047
443 , 11.0575614805
444 , 11.0330771324
445 , 11.0085809821
446 , 10.9840735565
447 , 10.9595553878
448 , 10.935027013
449 , 10.9104889742
450 , 10.8859418181
451 , 10.8613860961
452 , 10.8368223638
453 , 10.8122511815
454 , 10.7876731134
455 , 10.7630887277
456 , 10.7384985966
457 , 10.713903296
458 , 10.6893034054
459 , 10.6646995077
460 , 10.6400921893
461 , 10.6154820395
462 , 10.5908696508
463 , 10.5662556188
464 , 10.5416405414
465 , 10.5170250195
466 , 10.4924096563
467 , 10.4677950574
468 , 10.4431818306
469 , 10.4185705858
470 , 10.3939619348
471 , 10.3693564912
472 , 10.3447548703
473 , 10.3201576888
474 , 10.2955655649
475 , 10.270979118
476 , 10.2463989687
477 , 10.2218257386
478 , 10.19726005
479 , 10.1727025261
480 , 10.1481537906
481 , 10.1236144677
482 , 10.0990851818
483 , 10.0745665578
484 , 10.0500592205
485 , 10.0255637945
486 , 10.0010809046
487 , 9.97661117489
Weights: 
[ array([[-0.41296119, -1.00680094, -0.06098396, -0.37684436, -0.1348291 ],
       [-0.42125838, -1.21410687, -1.50630847,  2.00735498,  1.11280933],
       [-0.35021091,  0.2765861 ,  0.98067282,  0.54367832,  0.63052019],
       [ 0.97500152, -0.26176542, -1.14047519,  1.88170505,  1.27200142]])
 array([[-0.85506095, -0.69368999, -1.22109994,  1.01710547, -3.64203719],
       [ 0.93194061, -0.57679399, -0.73646345, -0.47082606,  1.59205194],
       [ 0.87520594, -0.1420155 ,  3.06335637, -1.69497334,  0.93709779]])]
outputs =  [1 0 0]  actualY =  [1 0 0]
outputs =  [1 0 0]  actualY =  [1 0 0]
outputs =  [1 0 0]  actualY =  [1 0 0]
outputs =  [1 0 0]  actualY =  [1 0 0]
outputs =  [1 0 0]  actualY =  [1 0 0]
outputs =  [1 0 0]  actualY =  [1 0 0]
outputs =  [1 0 0]  actualY =  [1 0 0]
outputs =  [1 0 0]  actualY =  [1 0 0]
outputs =  [1 0 0]  actualY =  [1 0 0]
outputs =  [1 0 0]  actualY =  [1 0 0]
outputs =  [0 0 0]  actualY =  [0 1 0]
outputs =  [0 1 0]  actualY =  [0 1 0]
outputs =  [0 0 1]  actualY =  [0 1 0]
outputs =  [0 0 0]  actualY =  [0 1 0]
outputs =  [0 1 0]  actualY =  [0 1 0]
outputs =  [0 1 0]  actualY =  [0 1 0]
outputs =  [0 0 0]  actualY =  [0 1 0]
outputs =  [0 0 0]  actualY =  [0 1 0]
outputs =  [0 0 0]  actualY =  [0 1 0]
outputs =  [0 0 0]  actualY =  [0 1 0]
outputs =  [0 0 1]  actualY =  [0 0 1]
outputs =  [0 0 1]  actualY =  [0 0 1]
outputs =  [0 0 1]  actualY =  [0 0 1]
outputs =  [0 0 1]  actualY =  [0 0 1]
outputs =  [0 0 1]  actualY =  [0 0 1]
outputs =  [0 0 1]  actualY =  [0 0 1]
outputs =  [0 0 1]  actualY =  [0 0 1]
outputs =  [0 0 1]  actualY =  [0 0 1]
outputs =  [0 0 1]  actualY =  [0 0 1]
outputs =  [0 0 1]  actualY =  [0 0 1]
23   30   0.766666666667
