[[-1.   5.4  3.7  1.5  0.2]
 [-1.   4.8  3.4  1.6  0.2]
 [-1.   4.8  3.   1.4  0.1]
 [-1.   4.3  3.   1.1  0.1]
 [-1.   5.8  4.   1.2  0.2]
 [-1.   5.7  4.4  1.5  0.4]
 [-1.   5.4  3.9  1.3  0.4]
 [-1.   5.1  3.5  1.4  0.3]
 [-1.   5.7  3.8  1.7  0.3]
 [-1.   5.1  3.8  1.5  0.3]
 [-1.   5.4  3.4  1.7  0.2]
 [-1.   5.1  3.7  1.5  0.4]
 [-1.   4.6  3.6  1.   0.2]
 [-1.   5.1  3.3  1.7  0.5]
 [-1.   4.8  3.4  1.9  0.2]
 [-1.   5.   3.   1.6  0.2]
 [-1.   5.   3.4  1.6  0.4]
 [-1.   5.2  3.5  1.5  0.2]
 [-1.   5.2  3.4  1.4  0.2]
 [-1.   4.7  3.2  1.6  0.2]
 [-1.   4.8  3.1  1.6  0.2]
 [-1.   5.4  3.4  1.5  0.4]
 [-1.   5.2  4.1  1.5  0.1]
 [-1.   5.5  4.2  1.4  0.2]
 [-1.   4.9  3.1  1.5  0.1]
 [-1.   5.   3.2  1.2  0.2]
 [-1.   5.5  3.5  1.3  0.2]
 [-1.   4.9  3.1  1.5  0.1]
 [-1.   4.4  3.   1.3  0.2]
 [-1.   5.1  3.4  1.5  0.2]
 [-1.   5.   3.5  1.3  0.3]
 [-1.   4.5  2.3  1.3  0.3]
 [-1.   4.4  3.2  1.3  0.2]
 [-1.   5.   3.5  1.6  0.6]
 [-1.   5.1  3.8  1.9  0.4]
 [-1.   4.8  3.   1.4  0.3]
 [-1.   5.1  3.8  1.6  0.2]
 [-1.   4.6  3.2  1.4  0.2]
 [-1.   5.3  3.7  1.5  0.2]
 [-1.   5.   3.3  1.4  0.2]
 [-1.   5.   2.   3.5  1. ]
 [-1.   5.9  3.   4.2  1.5]
 [-1.   6.   2.2  4.   1. ]
 [-1.   6.1  2.9  4.7  1.4]
 [-1.   5.6  2.9  3.6  1.3]
 [-1.   6.7  3.1  4.4  1.4]
 [-1.   5.6  3.   4.5  1.5]
 [-1.   5.8  2.7  4.1  1. ]
 [-1.   6.2  2.2  4.5  1.5]
 [-1.   5.6  2.5  3.9  1.1]
 [-1.   5.9  3.2  4.8  1.8]
 [-1.   6.1  2.8  4.   1.3]
 [-1.   6.3  2.5  4.9  1.5]
 [-1.   6.1  2.8  4.7  1.2]
 [-1.   6.4  2.9  4.3  1.3]
 [-1.   6.6  3.   4.4  1.4]
 [-1.   6.8  2.8  4.8  1.4]
 [-1.   6.7  3.   5.   1.7]
 [-1.   6.   2.9  4.5  1.5]
 [-1.   5.7  2.6  3.5  1. ]
 [-1.   5.5  2.4  3.8  1.1]
 [-1.   5.5  2.4  3.7  1. ]
 [-1.   5.8  2.7  3.9  1.2]
 [-1.   6.   2.7  5.1  1.6]
 [-1.   5.4  3.   4.5  1.5]
 [-1.   6.   3.4  4.5  1.6]
 [-1.   6.7  3.1  4.7  1.5]
 [-1.   6.3  2.3  4.4  1.3]
 [-1.   5.6  3.   4.1  1.3]
 [-1.   5.5  2.5  4.   1.3]
 [-1.   5.5  2.6  4.4  1.2]
 [-1.   6.1  3.   4.6  1.4]
 [-1.   5.8  2.6  4.   1.2]
 [-1.   5.   2.3  3.3  1. ]
 [-1.   5.6  2.7  4.2  1.3]
 [-1.   5.7  3.   4.2  1.2]
 [-1.   5.7  2.9  4.2  1.3]
 [-1.   6.2  2.9  4.3  1.3]
 [-1.   5.1  2.5  3.   1.1]
 [-1.   5.7  2.8  4.1  1.3]
 [-1.   6.3  3.3  6.   2.5]
 [-1.   5.8  2.7  5.1  1.9]
 [-1.   7.1  3.   5.9  2.1]
 [-1.   6.3  2.9  5.6  1.8]
 [-1.   6.5  3.   5.8  2.2]
 [-1.   7.6  3.   6.6  2.1]
 [-1.   4.9  2.5  4.5  1.7]
 [-1.   7.3  2.9  6.3  1.8]
 [-1.   6.7  2.5  5.8  1.8]
 [-1.   7.2  3.6  6.1  2.5]
 [-1.   6.5  3.2  5.1  2. ]
 [-1.   6.4  2.7  5.3  1.9]
 [-1.   6.8  3.   5.5  2.1]
 [-1.   5.7  2.5  5.   2. ]
 [-1.   5.8  2.8  5.1  2.4]
 [-1.   6.4  3.2  5.3  2.3]
 [-1.   6.5  3.   5.5  1.8]
 [-1.   7.7  3.8  6.7  2.2]
 [-1.   7.7  2.6  6.9  2.3]
 [-1.   6.   2.2  5.   1.5]
 [-1.   6.9  3.2  5.7  2.3]
 [-1.   5.6  2.8  4.9  2. ]
 [-1.   7.7  2.8  6.7  2. ]
 [-1.   6.3  2.7  4.9  1.8]
 [-1.   6.7  3.3  5.7  2.1]
 [-1.   7.2  3.2  6.   1.8]
 [-1.   6.2  2.8  4.8  1.8]
 [-1.   6.1  3.   4.9  1.8]
 [-1.   6.4  2.8  5.6  2.1]
 [-1.   7.2  3.   5.8  1.6]
 [-1.   7.4  2.8  6.1  1.9]
 [-1.   7.9  3.8  6.4  2. ]
 [-1.   6.4  2.8  5.6  2.2]
 [-1.   6.3  2.8  5.1  1.5]
 [-1.   6.1  2.6  5.6  1.4]
 [-1.   7.7  3.   6.1  2.3]
 [-1.   6.3  3.4  5.6  2.4]
 [-1.   6.4  3.1  5.5  1.8]
 [-1.   6.   3.   4.8  1.8]
 [-1.   6.9  3.1  5.4  2.1]]
[[1 0 0]
 [1 0 0]
 [1 0 0]
 [1 0 0]
 [1 0 0]
 [1 0 0]
 [1 0 0]
 [1 0 0]
 [1 0 0]
 [1 0 0]
 [1 0 0]
 [1 0 0]
 [1 0 0]
 [1 0 0]
 [1 0 0]
 [1 0 0]
 [1 0 0]
 [1 0 0]
 [1 0 0]
 [1 0 0]
 [1 0 0]
 [1 0 0]
 [1 0 0]
 [1 0 0]
 [1 0 0]
 [1 0 0]
 [1 0 0]
 [1 0 0]
 [1 0 0]
 [1 0 0]
 [1 0 0]
 [1 0 0]
 [1 0 0]
 [1 0 0]
 [1 0 0]
 [1 0 0]
 [1 0 0]
 [1 0 0]
 [1 0 0]
 [1 0 0]
 [0 1 0]
 [0 1 0]
 [0 1 0]
 [0 1 0]
 [0 1 0]
 [0 1 0]
 [0 1 0]
 [0 1 0]
 [0 1 0]
 [0 1 0]
 [0 1 0]
 [0 1 0]
 [0 1 0]
 [0 1 0]
 [0 1 0]
 [0 1 0]
 [0 1 0]
 [0 1 0]
 [0 1 0]
 [0 1 0]
 [0 1 0]
 [0 1 0]
 [0 1 0]
 [0 1 0]
 [0 1 0]
 [0 1 0]
 [0 1 0]
 [0 1 0]
 [0 1 0]
 [0 1 0]
 [0 1 0]
 [0 1 0]
 [0 1 0]
 [0 1 0]
 [0 1 0]
 [0 1 0]
 [0 1 0]
 [0 1 0]
 [0 1 0]
 [0 1 0]
 [0 0 1]
 [0 0 1]
 [0 0 1]
 [0 0 1]
 [0 0 1]
 [0 0 1]
 [0 0 1]
 [0 0 1]
 [0 0 1]
 [0 0 1]
 [0 0 1]
 [0 0 1]
 [0 0 1]
 [0 0 1]
 [0 0 1]
 [0 0 1]
 [0 0 1]
 [0 0 1]
 [0 0 1]
 [0 0 1]
 [0 0 1]
 [0 0 1]
 [0 0 1]
 [0 0 1]
 [0 0 1]
 [0 0 1]
 [0 0 1]
 [0 0 1]
 [0 0 1]
 [0 0 1]
 [0 0 1]
 [0 0 1]
 [0 0 1]
 [0 0 1]
 [0 0 1]
 [0 0 1]
 [0 0 1]
 [0 0 1]
 [0 0 1]
 [0 0 1]]
Estimating weights...
[5 5 4]
1 , 27.6291950111
2 , 27.1589686381
3 , 26.78692547
4 , 26.4843496858
5 , 26.2387114137
6 , 26.0410523984
7 , 25.8819190544
8 , 25.7519305497
9 , 25.6430535014
10 , 25.5490936513
11 , 25.4655599731
12 , 25.3893037673
13 , 25.3181524021
14 , 25.2506128603
15 , 25.185654478
16 , 25.1225577655
17 , 25.0608121649
18 , 25.0000479562
19 , 24.939991235
20 , 24.8804342048
21 , 24.8212155344
22 , 24.7622073025
23 , 24.7033062445
24 , 24.6444278115
25 , 24.5855020715
26 , 24.5264708223
27 , 24.4672855057
28 , 24.407905658
29 , 24.3482977218
30 , 24.2884341091
31 , 24.2282924389
32 , 24.167854903
33 , 24.1071077274
34 , 24.0460407069
35 , 23.984646799
36 , 23.9229217658
37 , 23.860863856
38 , 23.798473522
39 , 23.7357531673
40 , 23.6727069192
41 , 23.6093404259
42 , 23.5456606734
43 , 23.4816758208
44 , 23.4173950523
45 , 23.3528284434
46 , 23.2879868405
47 , 23.222881752
48 , 23.1575252496
49 , 23.09192988
50 , 23.0261085842
51 , 22.960074625
52 , 22.8938415213
53 , 22.8274229888
54 , 22.7608328865
55 , 22.6940851684
56 , 22.6271938397
57 , 22.5601729184
58 , 22.493036399
59 , 22.4257982224
60 , 22.3584722467
61 , 22.291072223
62 , 22.2236117731
63 , 22.15610437
64 , 22.0885633208
65 , 22.0210017524
66 , 21.9534325982
67 , 21.8858685878
68 , 21.8183222376
69 , 21.7508058435
70 , 21.6833314745
71 , 21.6159109685
72 , 21.5485559283
73 , 21.4812777193
74 , 21.4140874681
75 , 21.3469960616
76 , 21.2800141471
77 , 21.2131521334
78 , 21.1464201917
79 , 21.0798282576
80 , 21.0133860335
81 , 20.9471029908
82 , 20.880988373
83 , 20.8150511984
84 , 20.7493002639
85 , 20.6837441475
86 , 20.6183912123
87 , 20.5532496094
88 , 20.4883272812
89 , 20.423631965
90 , 20.3591711955
91 , 20.2949523084
92 , 20.2309824431
93 , 20.1672685452
94 , 20.103817369
95 , 20.0406354803
96 , 19.9777292583
97 , 19.9151048974
98 , 19.8527684096
99 , 19.7907256255
100 , 19.7289821962
101 , 19.6675435945
102 , 19.6064151161
103 , 19.5456018805
104 , 19.4851088323
105 , 19.4249407416
106 , 19.3651022046
107 , 19.3055976448
108 , 19.2464313133
109 , 19.1876072889
110 , 19.1291294794
111 , 19.0710016214
112 , 19.0132272811
113 , 18.9558098547
114 , 18.8987525689
115 , 18.8420584815
116 , 18.7857304821
117 , 18.7297712924
118 , 18.6741834675
119 , 18.6189693961
120 , 18.5641313019
121 , 18.5096712442
122 , 18.4555911193
123 , 18.4018926614
124 , 18.3485774441
125 , 18.2956468818
126 , 18.2431022308
127 , 18.1909445916
128 , 18.1391749098
129 , 18.0877939785
130 , 18.0368024399
131 , 17.9862007875
132 , 17.9359893681
133 , 17.8861683837
134 , 17.8367378943
135 , 17.7876978198
136 , 17.7390479428
137 , 17.6907879107
138 , 17.6429172385
139 , 17.5954353112
140 , 17.5483413869
141 , 17.501634599
142 , 17.4553139593
143 , 17.4093783605
144 , 17.3638265794
145 , 17.3186572794
146 , 17.2738690134
147 , 17.229460227
148 , 17.1854292609
149 , 17.1417743543
150 , 17.0984936471
151 , 17.0555851836
152 , 17.0130469148
153 , 16.9708767015
154 , 16.9290723168
155 , 16.8876314495
156 , 16.8465517063
157 , 16.8058306151
158 , 16.7654656273
159 , 16.7254541206
160 , 16.6857934018
161 , 16.6464807094
162 , 16.607513216
163 , 16.5688880312
164 , 16.5306022037
165 , 16.4926527239
166 , 16.4550365264
167 , 16.4177504924
168 , 16.3807914517
169 , 16.3441561854
170 , 16.3078414277
171 , 16.2718438683
172 , 16.2361601544
173 , 16.200786893
174 , 16.1657206526
175 , 16.1309579651
176 , 16.0964953282
177 , 16.0623292068
178 , 16.0284560348
179 , 15.9948722171
180 , 15.9615741313
181 , 15.928558129
182 , 15.8958205377
183 , 15.8633576625
184 , 15.8311657871
185 , 15.7992411756
186 , 15.7675800739
187 , 15.7361787111
188 , 15.7050333005
189 , 15.6741400411
190 , 15.6434951189
191 , 15.613094708
192 , 15.5829349715
193 , 15.553012063
194 , 15.5233221273
195 , 15.4938613016
196 , 15.4646257164
197 , 15.4356114965
198 , 15.4068147617
199 , 15.3782316279
200 , 15.3498582075
201 , 15.3216906109
202 , 15.2937249465
203 , 15.2659573216
204 , 15.2383838436
205 , 15.2110006198
206 , 15.1838037586
207 , 15.15678937
208 , 15.1299535659
209 , 15.1032924611
210 , 15.0768021731
211 , 15.0504788234
212 , 15.0243185373
213 , 14.9983174449
214 , 14.9724716811
215 , 14.9467773861
216 , 14.9212307063
217 , 14.8958277941
218 , 14.8705648088
219 , 14.8454379167
220 , 14.8204432918
221 , 14.7955771164
222 , 14.7708355812
223 , 14.7462148865
224 , 14.7217112421
225 , 14.6973208687
226 , 14.6730399983
227 , 14.6488648751
228 , 14.6247917568
229 , 14.6008169151
230 , 14.576936638
231 , 14.5531472302
232 , 14.5294450156
233 , 14.5058263388
234 , 14.4822875676
235 , 14.458825095
236 , 14.4354353429
237 , 14.4121147642
238 , 14.3888598474
239 , 14.3656671202
240 , 14.3425331542
241 , 14.31945457
242 , 14.2964280429
243 , 14.2734503095
244 , 14.2505181741
245 , 14.2276285169
246 , 14.2047783022
247 , 14.1819645872
248 , 14.1591845322
249 , 14.1364354104
250 , 14.1137146194
251 , 14.0910196923
252 , 14.0683483095
253 , 14.0456983112
254 , 14.0230677085
255 , 14.0004546962
256 , 13.9778576631
257 , 13.9552752025
258 , 13.9327061212
259 , 13.9101494463
260 , 13.8876044301
261 , 13.8650705521
262 , 13.8425475176
263 , 13.8200352528
264 , 13.7975338956
265 , 13.775043782
266 , 13.7525654281
267 , 13.7300995073
268 , 13.7076468228
269 , 13.685208277
270 , 13.6627848358
271 , 13.6403774922
272 , 13.617987227
273 , 13.5956149696
274 , 13.5732615596
275 , 13.5509277104
276 , 13.5286139768
277 , 13.5063207263
278 , 13.4840481172
279 , 13.4617960815
280 , 13.4395643151
281 , 13.4173522752
282 , 13.3951591827
283 , 13.3729840312
284 , 13.3508256016
285 , 13.3286824794
286 , 13.3065530764
287 , 13.2844356535
288 , 13.2623283452
289 , 13.2402291832
290 , 13.218136121
291 , 13.196047055
292 , 13.1739598458
293 , 13.1518723364
294 , 13.1297823683
295 , 13.1076877956
296 , 13.0855864968
297 , 13.0634763845
298 , 13.0413554131
299 , 13.0192215856
300 , 12.9970729574
301 , 12.9749076409
302 , 12.9527238071
303 , 12.9305196879
304 , 12.9082935766
305 , 12.8860438285
306 , 12.8637688609
307 , 12.8414671528
308 , 12.819137244
309 , 12.7967777347
310 , 12.7743872843
311 , 12.7519646102
312 , 12.7295084872
313 , 12.7070177459
314 , 12.6844912715
315 , 12.661928003
316 , 12.6393269315
317 , 12.6166870994
318 , 12.594007599
319 , 12.5712875713
320 , 12.5485262051
321 , 12.5257227355
322 , 12.5028764431
323 , 12.4799866526
324 , 12.4570527322
325 , 12.4340740921
326 , 12.4110501838
327 , 12.3879804989
328 , 12.3648645685
329 , 12.3417019616
330 , 12.3184922852
331 , 12.2952351825
332 , 12.2719303326
333 , 12.2485774495
334 , 12.2251762816
335 , 12.2017266103
336 , 12.1782282502
337 , 12.1546810475
338 , 12.1310848801
339 , 12.1074396564
340 , 12.083745315
341 , 12.0600018241
342 , 12.0362091807
343 , 12.0123674103
344 , 11.9884765665
345 , 11.96453673
346 , 11.9405480088
347 , 11.9165105373
348 , 11.892424476
349 , 11.868290011
350 , 11.844107354
351 , 11.8198767415
352 , 11.7955984347
353 , 11.7712727189
354 , 11.7468999036
355 , 11.722480322
356 , 11.6980143304
357 , 11.6735023086
358 , 11.648944659
359 , 11.6243418068
360 , 11.5996941995
361 , 11.5750023068
362 , 11.5502666202
363 , 11.5254876532
364 , 11.5006659406
365 , 11.4758020385
366 , 11.4508965242
367 , 11.425949996
368 , 11.4009630729
369 , 11.3759363944
370 , 11.3508706203
371 , 11.3257664308
372 , 11.3006245258
373 , 11.2754456253
374 , 11.2502304687
375 , 11.224979815
376 , 11.1996944422
377 , 11.1743751474
378 , 11.1490227467
379 , 11.1236380745
380 , 11.0982219838
381 , 11.0727753455
382 , 11.0472990488
383 , 11.0217940003
384 , 10.9962611241
385 , 10.9707013613
386 , 10.9451156703
387 , 10.9195050258
388 , 10.8938704188
389 , 10.8682128566
390 , 10.842533362
391 , 10.8168329734
392 , 10.791112744
393 , 10.7653737421
394 , 10.7396170501
395 , 10.7138437645
396 , 10.6880549955
397 , 10.6622518666
398 , 10.6364355139
399 , 10.6106070862
400 , 10.5847677444
401 , 10.5589186606
402 , 10.5330610184
403 , 10.5071960121
404 , 10.481324846
405 , 10.4554487342
406 , 10.4295689002
407 , 10.4036865763
408 , 10.3778030027
409 , 10.3519194278
410 , 10.3260371068
411 , 10.3001573019
412 , 10.2742812812
413 , 10.2484103185
414 , 10.2225456925
415 , 10.1966886866
416 , 10.1708405878
417 , 10.1450026864
418 , 10.1191762757
419 , 10.0933626507
420 , 10.0675631083
421 , 10.041778946
422 , 10.0160114618
423 , 9.99026195339
Weights: 
[ array([[-0.44494331,  0.30631008,  0.73713785, -1.06365589,  0.32214296],
       [-0.24717431, -1.47313902, -0.70921541,  1.721179  ,  1.56788328],
       [-0.33841215, -0.34656469, -0.31828707, -0.72017574,  0.16719441],
       [ 0.67265517, -0.47670541, -0.94461303,  1.8852029 ,  0.99306874]])
 array([[-0.80163395,  1.07481439, -1.63678466,  0.78323715, -3.25287579],
       [ 0.04375427, -1.4062999 , -1.55451175,  0.03811316,  1.35438956],
       [ 2.1502081 , -1.77798237,  2.02684797,  0.78206143,  2.07831708]])]
outputs =  [1 0 0]  actualY =  [1 0 0]
outputs =  [1 0 0]  actualY =  [1 0 0]
outputs =  [1 0 0]  actualY =  [1 0 0]
outputs =  [1 0 0]  actualY =  [1 0 0]
outputs =  [1 0 0]  actualY =  [1 0 0]
outputs =  [1 0 0]  actualY =  [1 0 0]
outputs =  [1 0 0]  actualY =  [1 0 0]
outputs =  [1 0 0]  actualY =  [1 0 0]
outputs =  [1 0 0]  actualY =  [1 0 0]
outputs =  [1 0 0]  actualY =  [1 0 0]
outputs =  [0 1 0]  actualY =  [0 1 0]
outputs =  [0 1 0]  actualY =  [0 1 0]
outputs =  [0 1 0]  actualY =  [0 1 0]
outputs =  [0 1 0]  actualY =  [0 1 0]
outputs =  [0 1 0]  actualY =  [0 1 0]
outputs =  [0 0 0]  actualY =  [0 1 0]
outputs =  [0 0 0]  actualY =  [0 1 0]
outputs =  [0 0 0]  actualY =  [0 1 0]
outputs =  [0 1 0]  actualY =  [0 1 0]
outputs =  [0 0 0]  actualY =  [0 1 0]
outputs =  [0 0 1]  actualY =  [0 0 1]
outputs =  [0 0 1]  actualY =  [0 0 1]
outputs =  [0 0 1]  actualY =  [0 0 1]
outputs =  [0 0 1]  actualY =  [0 0 1]
outputs =  [0 0 1]  actualY =  [0 0 1]
outputs =  [0 0 1]  actualY =  [0 0 1]
outputs =  [0 0 1]  actualY =  [0 0 1]
outputs =  [0 0 1]  actualY =  [0 0 1]
outputs =  [0 0 1]  actualY =  [0 0 1]
outputs =  [0 0 1]  actualY =  [0 0 1]
26   30   0.866666666667
