[[-1.   5.1  3.5  1.4  0.2]
 [-1.   4.9  3.   1.4  0.2]
 [-1.   4.7  3.2  1.3  0.2]
 [-1.   4.6  3.1  1.5  0.2]
 [-1.   5.   3.6  1.4  0.2]
 [-1.   5.4  3.9  1.7  0.4]
 [-1.   4.6  3.4  1.4  0.3]
 [-1.   5.   3.4  1.5  0.2]
 [-1.   4.4  2.9  1.4  0.2]
 [-1.   4.9  3.1  1.5  0.1]
 [-1.   5.4  3.7  1.5  0.2]
 [-1.   4.8  3.4  1.6  0.2]
 [-1.   4.8  3.   1.4  0.1]
 [-1.   4.3  3.   1.1  0.1]
 [-1.   5.8  4.   1.2  0.2]
 [-1.   5.7  4.4  1.5  0.4]
 [-1.   5.4  3.9  1.3  0.4]
 [-1.   5.1  3.5  1.4  0.3]
 [-1.   5.7  3.8  1.7  0.3]
 [-1.   5.1  3.8  1.5  0.3]
 [-1.   5.4  3.4  1.7  0.2]
 [-1.   5.1  3.7  1.5  0.4]
 [-1.   4.6  3.6  1.   0.2]
 [-1.   5.1  3.3  1.7  0.5]
 [-1.   4.8  3.4  1.9  0.2]
 [-1.   5.   3.   1.6  0.2]
 [-1.   5.   3.4  1.6  0.4]
 [-1.   5.2  3.5  1.5  0.2]
 [-1.   5.2  3.4  1.4  0.2]
 [-1.   4.7  3.2  1.6  0.2]
 [-1.   4.8  3.1  1.6  0.2]
 [-1.   5.4  3.4  1.5  0.4]
 [-1.   5.2  4.1  1.5  0.1]
 [-1.   5.5  4.2  1.4  0.2]
 [-1.   4.9  3.1  1.5  0.1]
 [-1.   5.   3.2  1.2  0.2]
 [-1.   5.5  3.5  1.3  0.2]
 [-1.   4.9  3.1  1.5  0.1]
 [-1.   4.4  3.   1.3  0.2]
 [-1.   5.1  3.4  1.5  0.2]
 [-1.   7.   3.2  4.7  1.4]
 [-1.   6.4  3.2  4.5  1.5]
 [-1.   6.9  3.1  4.9  1.5]
 [-1.   5.5  2.3  4.   1.3]
 [-1.   6.5  2.8  4.6  1.5]
 [-1.   5.7  2.8  4.5  1.3]
 [-1.   6.3  3.3  4.7  1.6]
 [-1.   4.9  2.4  3.3  1. ]
 [-1.   6.6  2.9  4.6  1.3]
 [-1.   5.2  2.7  3.9  1.4]
 [-1.   5.   2.   3.5  1. ]
 [-1.   5.9  3.   4.2  1.5]
 [-1.   6.   2.2  4.   1. ]
 [-1.   6.1  2.9  4.7  1.4]
 [-1.   5.6  2.9  3.6  1.3]
 [-1.   6.7  3.1  4.4  1.4]
 [-1.   5.6  3.   4.5  1.5]
 [-1.   5.8  2.7  4.1  1. ]
 [-1.   6.2  2.2  4.5  1.5]
 [-1.   5.6  2.5  3.9  1.1]
 [-1.   5.9  3.2  4.8  1.8]
 [-1.   6.1  2.8  4.   1.3]
 [-1.   6.3  2.5  4.9  1.5]
 [-1.   6.1  2.8  4.7  1.2]
 [-1.   6.4  2.9  4.3  1.3]
 [-1.   6.6  3.   4.4  1.4]
 [-1.   6.8  2.8  4.8  1.4]
 [-1.   6.7  3.   5.   1.7]
 [-1.   6.   2.9  4.5  1.5]
 [-1.   5.7  2.6  3.5  1. ]
 [-1.   5.5  2.4  3.8  1.1]
 [-1.   5.5  2.4  3.7  1. ]
 [-1.   5.8  2.7  3.9  1.2]
 [-1.   6.   2.7  5.1  1.6]
 [-1.   5.4  3.   4.5  1.5]
 [-1.   6.   3.4  4.5  1.6]
 [-1.   6.7  3.1  4.7  1.5]
 [-1.   6.3  2.3  4.4  1.3]
 [-1.   5.6  3.   4.1  1.3]
 [-1.   5.5  2.5  4.   1.3]
 [-1.   6.5  3.2  5.1  2. ]
 [-1.   6.4  2.7  5.3  1.9]
 [-1.   6.8  3.   5.5  2.1]
 [-1.   5.7  2.5  5.   2. ]
 [-1.   5.8  2.8  5.1  2.4]
 [-1.   6.4  3.2  5.3  2.3]
 [-1.   6.5  3.   5.5  1.8]
 [-1.   7.7  3.8  6.7  2.2]
 [-1.   7.7  2.6  6.9  2.3]
 [-1.   6.   2.2  5.   1.5]
 [-1.   6.9  3.2  5.7  2.3]
 [-1.   5.6  2.8  4.9  2. ]
 [-1.   7.7  2.8  6.7  2. ]
 [-1.   6.3  2.7  4.9  1.8]
 [-1.   6.7  3.3  5.7  2.1]
 [-1.   7.2  3.2  6.   1.8]
 [-1.   6.2  2.8  4.8  1.8]
 [-1.   6.1  3.   4.9  1.8]
 [-1.   6.4  2.8  5.6  2.1]
 [-1.   7.2  3.   5.8  1.6]
 [-1.   7.4  2.8  6.1  1.9]
 [-1.   7.9  3.8  6.4  2. ]
 [-1.   6.4  2.8  5.6  2.2]
 [-1.   6.3  2.8  5.1  1.5]
 [-1.   6.1  2.6  5.6  1.4]
 [-1.   7.7  3.   6.1  2.3]
 [-1.   6.3  3.4  5.6  2.4]
 [-1.   6.4  3.1  5.5  1.8]
 [-1.   6.   3.   4.8  1.8]
 [-1.   6.9  3.1  5.4  2.1]
 [-1.   6.7  3.1  5.6  2.4]
 [-1.   6.9  3.1  5.1  2.3]
 [-1.   5.8  2.7  5.1  1.9]
 [-1.   6.8  3.2  5.9  2.3]
 [-1.   6.7  3.3  5.7  2.5]
 [-1.   6.7  3.   5.2  2.3]
 [-1.   6.3  2.5  5.   1.9]
 [-1.   6.5  3.   5.2  2. ]
 [-1.   6.2  3.4  5.4  2.3]
 [-1.   5.9  3.   5.1  1.8]]
[[1 0 0]
 [1 0 0]
 [1 0 0]
 [1 0 0]
 [1 0 0]
 [1 0 0]
 [1 0 0]
 [1 0 0]
 [1 0 0]
 [1 0 0]
 [1 0 0]
 [1 0 0]
 [1 0 0]
 [1 0 0]
 [1 0 0]
 [1 0 0]
 [1 0 0]
 [1 0 0]
 [1 0 0]
 [1 0 0]
 [1 0 0]
 [1 0 0]
 [1 0 0]
 [1 0 0]
 [1 0 0]
 [1 0 0]
 [1 0 0]
 [1 0 0]
 [1 0 0]
 [1 0 0]
 [1 0 0]
 [1 0 0]
 [1 0 0]
 [1 0 0]
 [1 0 0]
 [1 0 0]
 [1 0 0]
 [1 0 0]
 [1 0 0]
 [1 0 0]
 [0 1 0]
 [0 1 0]
 [0 1 0]
 [0 1 0]
 [0 1 0]
 [0 1 0]
 [0 1 0]
 [0 1 0]
 [0 1 0]
 [0 1 0]
 [0 1 0]
 [0 1 0]
 [0 1 0]
 [0 1 0]
 [0 1 0]
 [0 1 0]
 [0 1 0]
 [0 1 0]
 [0 1 0]
 [0 1 0]
 [0 1 0]
 [0 1 0]
 [0 1 0]
 [0 1 0]
 [0 1 0]
 [0 1 0]
 [0 1 0]
 [0 1 0]
 [0 1 0]
 [0 1 0]
 [0 1 0]
 [0 1 0]
 [0 1 0]
 [0 1 0]
 [0 1 0]
 [0 1 0]
 [0 1 0]
 [0 1 0]
 [0 1 0]
 [0 1 0]
 [0 0 1]
 [0 0 1]
 [0 0 1]
 [0 0 1]
 [0 0 1]
 [0 0 1]
 [0 0 1]
 [0 0 1]
 [0 0 1]
 [0 0 1]
 [0 0 1]
 [0 0 1]
 [0 0 1]
 [0 0 1]
 [0 0 1]
 [0 0 1]
 [0 0 1]
 [0 0 1]
 [0 0 1]
 [0 0 1]
 [0 0 1]
 [0 0 1]
 [0 0 1]
 [0 0 1]
 [0 0 1]
 [0 0 1]
 [0 0 1]
 [0 0 1]
 [0 0 1]
 [0 0 1]
 [0 0 1]
 [0 0 1]
 [0 0 1]
 [0 0 1]
 [0 0 1]
 [0 0 1]
 [0 0 1]
 [0 0 1]
 [0 0 1]
 [0 0 1]]
Estimating weights...
[5 5 4]
1 , 29.4407593939
2 , 29.0534453514
3 , 28.7336840969
4 , 28.4556507577
5 , 28.2011590435
6 , 27.957115098
7 , 27.7137145415
8 , 27.463246185
9 , 27.1994156833
10 , 26.9172258101
11 , 26.6135578782
12 , 26.2884895796
13 , 25.9467438157
14 , 25.5976917066
15 , 25.2526293644
16 , 24.9206804867
17 , 24.6064858322
18 , 24.3107667652
19 , 24.0321451635
20 , 23.7685898958
21 , 23.5181119099
22 , 23.278984379
23 , 23.0497736338
24 , 22.8293168971
25 , 22.6166881829
26 , 22.4111608533
27 , 22.2121693311
28 , 22.0192725705
29 , 21.8321216916
30 , 21.6504331922
31 , 21.4739680531
32 , 21.3025162743
33 , 21.1358859907
34 , 20.9738962111
35 , 20.8163722941
36 , 20.6631434086
37 , 20.5140413774
38 , 20.3689004448
39 , 20.2275576221
40 , 20.0898533597
41 , 19.9556323672
42 , 19.8247444539
43 , 19.6970453081
44 , 19.572397161
45 , 19.450669306
46 , 19.3317384609
47 , 19.2154889729
48 , 19.1018128743
49 , 18.990609804
50 , 18.8817868131
51 , 18.7752580734
52 , 18.6709445098
53 , 18.5687733762
54 , 18.4686777928
55 , 18.3705962611
56 , 18.2744721716
57 , 18.180253315
58 , 18.0878914075
59 , 17.9973416377
60 , 17.9085622397
61 , 17.8215140978
62 , 17.7361603838
63 , 17.6524662289
64 , 17.5703984293
65 , 17.4899251854
66 , 17.4110158733
67 , 17.3336408461
68 , 17.2577712631
69 , 17.1833789454
70 , 17.1104362537
71 , 17.0389159881
72 , 16.9687913059
73 , 16.9000356556
74 , 16.8326227257
75 , 16.7665264053
76 , 16.7017207558
77 , 16.6381799912
78 , 16.5758784656
79 , 16.5147906681
80 , 16.4548912212
81 , 16.3961548849
82 , 16.3385565628
83 , 16.2820713114
84 , 16.2266743515
85 , 16.17234108
86 , 16.1190470837
87 , 16.0667681529
88 , 16.0154802952
89 , 15.9651597501
90 , 15.9157830022
91 , 15.8673267947
92 , 15.8197681421
93 , 15.7730843425
94 , 15.727252989
95 , 15.6822519801
96 , 15.6380595299
97 , 15.5946541773
98 , 15.5520147938
99 , 15.5101205913
100 , 15.4689511289
101 , 15.4284863185
102 , 15.3887064304
103 , 15.3495920974
104 , 15.3111243187
105 , 15.2732844631
106 , 15.2360542714
107 , 15.1994158582
108 , 15.1633517135
109 , 15.1278447031
110 , 15.0928780689
111 , 15.0584354289
112 , 15.0245007761
113 , 14.9910584775
114 , 14.9580932725
115 , 14.9255902708
116 , 14.8935349501
117 , 14.8619131532
118 , 14.8307110848
119 , 14.7999153085
120 , 14.7695127423
121 , 14.7394906553
122 , 14.7098366626
123 , 14.6805387215
124 , 14.651585126
125 , 14.6229645021
126 , 14.5946658022
127 , 14.5666783002
128 , 14.5389915851
129 , 14.5115955559
130 , 14.4844804151
131 , 14.457636663
132 , 14.4310550914
133 , 14.4047267772
134 , 14.3786430765
135 , 14.3527956176
136 , 14.3271762949
137 , 14.3017772625
138 , 14.2765909277
139 , 14.251609944
140 , 14.2268272055
141 , 14.2022358397
142 , 14.1778292014
143 , 14.1536008663
144 , 14.1295446248
145 , 14.1056544754
146 , 14.0819246188
147 , 14.0583494518
148 , 14.034923561
149 , 14.0116417173
150 , 13.9884988697
151 , 13.9654901399
152 , 13.9426108164
153 , 13.9198563492
154 , 13.8972223442
155 , 13.8747045585
156 , 13.8522988944
157 , 13.8300013951
158 , 13.8078082397
159 , 13.7857157379
160 , 13.7637203262
161 , 13.7418185628
162 , 13.7200071233
163 , 13.6982827967
164 , 13.6766424811
165 , 13.6550831797
166 , 13.6336019969
167 , 13.6121961348
168 , 13.5908628892
169 , 13.5695996463
170 , 13.5484038795
171 , 13.5272731457
172 , 13.5062050826
173 , 13.4851974052
174 , 13.4642479033
175 , 13.4433544383
176 , 13.422514941
177 , 13.4017274083
178 , 13.3809899013
179 , 13.3603005424
180 , 13.3396575135
181 , 13.3190590532
182 , 13.298503455
183 , 13.2779890654
184 , 13.2575142815
185 , 13.2370775494
186 , 13.2166773624
187 , 13.1963122591
188 , 13.1759808219
189 , 13.1556816755
190 , 13.1354134849
191 , 13.1151749548
192 , 13.0949648273
193 , 13.0747818812
194 , 13.0546249305
195 , 13.0344928233
196 , 13.0143844404
197 , 12.9942986947
198 , 12.9742345294
199 , 12.9541909179
200 , 12.934166862
201 , 12.9141613917
202 , 12.8941735639
203 , 12.8742024616
204 , 12.8542471932
205 , 12.834306892
206 , 12.814380715
207 , 12.7944678425
208 , 12.7745674775
209 , 12.7546788451
210 , 12.7348011916
211 , 12.7149337842
212 , 12.6950759106
213 , 12.6752268782
214 , 12.6553860137
215 , 12.6355526628
216 , 12.6157261896
217 , 12.5959059762
218 , 12.5760914224
219 , 12.5562819452
220 , 12.5364769784
221 , 12.5166759726
222 , 12.4968783944
223 , 12.4770837263
224 , 12.4572914666
225 , 12.4375011288
226 , 12.4177122413
227 , 12.3979243476
228 , 12.3781370054
229 , 12.358349787
230 , 12.3385622784
231 , 12.3187740797
232 , 12.2989848046
233 , 12.2791940801
234 , 12.2594015465
235 , 12.239606857
236 , 12.219809678
237 , 12.200009688
238 , 12.1802065785
239 , 12.1604000531
240 , 12.1405898276
241 , 12.1207756297
242 , 12.1009571991
243 , 12.0811342872
244 , 12.0613066568
245 , 12.0414740825
246 , 12.0216363497
247 , 12.0017932552
248 , 11.9819446069
249 , 11.9620902234
250 , 11.9422299343
251 , 11.9223635795
252 , 11.9024910096
253 , 11.8826120858
254 , 11.8627266792
255 , 11.8428346712
256 , 11.8229359534
257 , 11.8030304272
258 , 11.7831180036
259 , 11.7631986038
260 , 11.743272158
261 , 11.7233386063
262 , 11.7033978981
263 , 11.6834499918
264 , 11.6634948553
265 , 11.6435324653
266 , 11.6235628075
267 , 11.6035858764
268 , 11.5836016752
269 , 11.5636102158
270 , 11.5436115184
271 , 11.5236056119
272 , 11.5035925331
273 , 11.4835723273
274 , 11.4635450478
275 , 11.4435107556
276 , 11.4234695199
277 , 11.4034214174
278 , 11.3833665327
279 , 11.3633049577
280 , 11.3432367918
281 , 11.3231621418
282 , 11.3030811215
283 , 11.2829938521
284 , 11.2629004615
285 , 11.2428010848
286 , 11.2226958637
287 , 11.2025849465
288 , 11.1824684882
289 , 11.1623466503
290 , 11.1422196006
291 , 11.1220875131
292 , 11.101950568
293 , 11.0818089515
294 , 11.0616628558
295 , 11.0415124787
296 , 11.0213580241
297 , 11.0011997011
298 , 10.9810377245
299 , 10.9608723145
300 , 10.9407036965
301 , 10.9205321011
302 , 10.900357764
303 , 10.8801809259
304 , 10.8600018322
305 , 10.8398207332
306 , 10.8196378837
307 , 10.7994535432
308 , 10.7792679754
309 , 10.7590814487
310 , 10.7388942352
311 , 10.7187066116
312 , 10.6985188582
313 , 10.6783312596
314 , 10.6581441038
315 , 10.6379576828
316 , 10.617772292
317 , 10.5975882303
318 , 10.5774058002
319 , 10.5572253072
320 , 10.53704706
321 , 10.5168713707
322 , 10.4966985539
323 , 10.4765289274
324 , 10.4563628117
325 , 10.4362005299
326 , 10.4160424078
327 , 10.3958887735
328 , 10.3757399576
329 , 10.355596293
330 , 10.3354581147
331 , 10.3153257598
332 , 10.2951995674
333 , 10.2750798784
334 , 10.2549670358
335 , 10.234861384
336 , 10.214763269
337 , 10.1946730386
338 , 10.1745910417
339 , 10.1545176288
340 , 10.1344531515
341 , 10.1143979625
342 , 10.0943524157
343 , 10.074316866
344 , 10.054291669
345 , 10.0342771813
346 , 10.0142737601
347 , 9.9942817633
Weights: 
[ array([[ 0.26593727,  1.23048134,  0.88235135, -1.51939576, -1.71986306],
       [ 0.15765544,  0.50755737,  0.9988939 , -2.15696452, -0.3190391 ],
       [ 0.90917002, -0.2080994 , -0.83428079,  1.44501016, -0.29332977],
       [ 0.22360732,  0.44951291,  0.54773699,  0.08382246,  0.14924266]])
 array([[ 1.27195831,  1.62999416,  1.99943265, -2.52631879,  0.06807919],
       [ 0.6137608 ,  0.75411745, -2.11816794, -0.07795459,  0.24657702],
       [-0.33800221, -2.62726485, -1.029527  ,  0.98097625, -0.0445241 ]])]
outputs =  [1 0 0]  actualY =  [1 0 0]
outputs =  [1 0 0]  actualY =  [1 0 0]
outputs =  [1 0 0]  actualY =  [1 0 0]
outputs =  [1 0 0]  actualY =  [1 0 0]
outputs =  [1 0 0]  actualY =  [1 0 0]
outputs =  [1 0 0]  actualY =  [1 0 0]
outputs =  [1 0 0]  actualY =  [1 0 0]
outputs =  [1 0 0]  actualY =  [1 0 0]
outputs =  [1 0 0]  actualY =  [1 0 0]
outputs =  [1 0 0]  actualY =  [1 0 0]
outputs =  [0 0 0]  actualY =  [0 1 0]
outputs =  [0 1 0]  actualY =  [0 1 0]
outputs =  [0 1 0]  actualY =  [0 1 0]
outputs =  [0 1 0]  actualY =  [0 1 0]
outputs =  [0 0 0]  actualY =  [0 1 0]
outputs =  [0 1 0]  actualY =  [0 1 0]
outputs =  [0 1 0]  actualY =  [0 1 0]
outputs =  [0 1 0]  actualY =  [0 1 0]
outputs =  [0 0 0]  actualY =  [0 1 0]
outputs =  [0 1 0]  actualY =  [0 1 0]
outputs =  [0 0 1]  actualY =  [0 0 1]
outputs =  [0 0 1]  actualY =  [0 0 1]
outputs =  [0 0 1]  actualY =  [0 0 1]
outputs =  [0 0 1]  actualY =  [0 0 1]
outputs =  [0 0 1]  actualY =  [0 0 1]
outputs =  [0 0 1]  actualY =  [0 0 1]
outputs =  [0 0 1]  actualY =  [0 0 1]
outputs =  [0 0 1]  actualY =  [0 0 1]
outputs =  [0 0 1]  actualY =  [0 0 1]
outputs =  [0 0 1]  actualY =  [0 0 1]
27   30   0.9
