[[-1.   5.1  3.5  1.4  0.2]
 [-1.   4.9  3.   1.4  0.2]
 [-1.   4.7  3.2  1.3  0.2]
 [-1.   4.6  3.1  1.5  0.2]
 [-1.   5.   3.6  1.4  0.2]
 [-1.   5.4  3.9  1.7  0.4]
 [-1.   4.6  3.4  1.4  0.3]
 [-1.   5.   3.4  1.5  0.2]
 [-1.   4.4  2.9  1.4  0.2]
 [-1.   4.9  3.1  1.5  0.1]
 [-1.   5.4  3.7  1.5  0.2]
 [-1.   4.8  3.4  1.6  0.2]
 [-1.   4.8  3.   1.4  0.1]
 [-1.   4.3  3.   1.1  0.1]
 [-1.   5.8  4.   1.2  0.2]
 [-1.   5.7  4.4  1.5  0.4]
 [-1.   5.4  3.9  1.3  0.4]
 [-1.   5.1  3.5  1.4  0.3]
 [-1.   5.7  3.8  1.7  0.3]
 [-1.   5.1  3.8  1.5  0.3]
 [-1.   5.4  3.4  1.7  0.2]
 [-1.   5.1  3.7  1.5  0.4]
 [-1.   4.6  3.6  1.   0.2]
 [-1.   5.1  3.3  1.7  0.5]
 [-1.   4.8  3.4  1.9  0.2]
 [-1.   5.   3.   1.6  0.2]
 [-1.   5.   3.4  1.6  0.4]
 [-1.   5.2  3.5  1.5  0.2]
 [-1.   5.2  3.4  1.4  0.2]
 [-1.   4.7  3.2  1.6  0.2]
 [-1.   5.   3.5  1.3  0.3]
 [-1.   4.5  2.3  1.3  0.3]
 [-1.   4.4  3.2  1.3  0.2]
 [-1.   5.   3.5  1.6  0.6]
 [-1.   5.1  3.8  1.9  0.4]
 [-1.   4.8  3.   1.4  0.3]
 [-1.   5.1  3.8  1.6  0.2]
 [-1.   4.6  3.2  1.4  0.2]
 [-1.   5.3  3.7  1.5  0.2]
 [-1.   5.   3.3  1.4  0.2]
 [-1.   7.   3.2  4.7  1.4]
 [-1.   6.4  3.2  4.5  1.5]
 [-1.   6.9  3.1  4.9  1.5]
 [-1.   5.5  2.3  4.   1.3]
 [-1.   6.5  2.8  4.6  1.5]
 [-1.   5.7  2.8  4.5  1.3]
 [-1.   6.3  3.3  4.7  1.6]
 [-1.   4.9  2.4  3.3  1. ]
 [-1.   6.6  2.9  4.6  1.3]
 [-1.   5.2  2.7  3.9  1.4]
 [-1.   5.   2.   3.5  1. ]
 [-1.   5.9  3.   4.2  1.5]
 [-1.   6.   2.2  4.   1. ]
 [-1.   6.1  2.9  4.7  1.4]
 [-1.   5.6  2.9  3.6  1.3]
 [-1.   6.7  3.1  4.4  1.4]
 [-1.   5.6  3.   4.5  1.5]
 [-1.   5.8  2.7  4.1  1. ]
 [-1.   6.2  2.2  4.5  1.5]
 [-1.   5.6  2.5  3.9  1.1]
 [-1.   5.9  3.2  4.8  1.8]
 [-1.   6.1  2.8  4.   1.3]
 [-1.   6.3  2.5  4.9  1.5]
 [-1.   6.1  2.8  4.7  1.2]
 [-1.   6.4  2.9  4.3  1.3]
 [-1.   6.6  3.   4.4  1.4]
 [-1.   6.8  2.8  4.8  1.4]
 [-1.   6.7  3.   5.   1.7]
 [-1.   6.   2.9  4.5  1.5]
 [-1.   5.7  2.6  3.5  1. ]
 [-1.   5.5  2.6  4.4  1.2]
 [-1.   6.1  3.   4.6  1.4]
 [-1.   5.8  2.6  4.   1.2]
 [-1.   5.   2.3  3.3  1. ]
 [-1.   5.6  2.7  4.2  1.3]
 [-1.   5.7  3.   4.2  1.2]
 [-1.   5.7  2.9  4.2  1.3]
 [-1.   6.2  2.9  4.3  1.3]
 [-1.   5.1  2.5  3.   1.1]
 [-1.   5.7  2.8  4.1  1.3]
 [-1.   6.3  3.3  6.   2.5]
 [-1.   5.8  2.7  5.1  1.9]
 [-1.   7.1  3.   5.9  2.1]
 [-1.   6.3  2.9  5.6  1.8]
 [-1.   6.5  3.   5.8  2.2]
 [-1.   7.6  3.   6.6  2.1]
 [-1.   4.9  2.5  4.5  1.7]
 [-1.   7.3  2.9  6.3  1.8]
 [-1.   6.7  2.5  5.8  1.8]
 [-1.   7.2  3.6  6.1  2.5]
 [-1.   6.5  3.2  5.1  2. ]
 [-1.   6.4  2.7  5.3  1.9]
 [-1.   6.8  3.   5.5  2.1]
 [-1.   5.7  2.5  5.   2. ]
 [-1.   5.8  2.8  5.1  2.4]
 [-1.   6.4  3.2  5.3  2.3]
 [-1.   6.5  3.   5.5  1.8]
 [-1.   7.7  3.8  6.7  2.2]
 [-1.   7.7  2.6  6.9  2.3]
 [-1.   6.   2.2  5.   1.5]
 [-1.   6.9  3.2  5.7  2.3]
 [-1.   5.6  2.8  4.9  2. ]
 [-1.   7.7  2.8  6.7  2. ]
 [-1.   6.3  2.7  4.9  1.8]
 [-1.   6.7  3.3  5.7  2.1]
 [-1.   7.2  3.2  6.   1.8]
 [-1.   6.2  2.8  4.8  1.8]
 [-1.   6.1  3.   4.9  1.8]
 [-1.   6.4  2.8  5.6  2.1]
 [-1.   7.2  3.   5.8  1.6]
 [-1.   7.4  2.8  6.1  1.9]
 [-1.   7.9  3.8  6.4  2. ]
 [-1.   6.4  2.8  5.6  2.2]
 [-1.   6.3  2.8  5.1  1.5]
 [-1.   6.1  2.6  5.6  1.4]
 [-1.   7.7  3.   6.1  2.3]
 [-1.   6.3  3.4  5.6  2.4]
 [-1.   6.4  3.1  5.5  1.8]
 [-1.   6.   3.   4.8  1.8]
 [-1.   6.9  3.1  5.4  2.1]
 [-1.   6.7  3.1  5.6  2.4]
 [-1.   6.9  3.1  5.1  2.3]
 [-1.   5.8  2.7  5.1  1.9]
 [-1.   6.8  3.2  5.9  2.3]
 [-1.   6.7  3.3  5.7  2.5]
 [-1.   6.7  3.   5.2  2.3]
 [-1.   6.3  2.5  5.   1.9]
 [-1.   6.5  3.   5.2  2. ]
 [-1.   6.2  3.4  5.4  2.3]
 [-1.   5.9  3.   5.1  1.8]]
[[1 0 0]
 [1 0 0]
 [1 0 0]
 [1 0 0]
 [1 0 0]
 [1 0 0]
 [1 0 0]
 [1 0 0]
 [1 0 0]
 [1 0 0]
 [1 0 0]
 [1 0 0]
 [1 0 0]
 [1 0 0]
 [1 0 0]
 [1 0 0]
 [1 0 0]
 [1 0 0]
 [1 0 0]
 [1 0 0]
 [1 0 0]
 [1 0 0]
 [1 0 0]
 [1 0 0]
 [1 0 0]
 [1 0 0]
 [1 0 0]
 [1 0 0]
 [1 0 0]
 [1 0 0]
 [1 0 0]
 [1 0 0]
 [1 0 0]
 [1 0 0]
 [1 0 0]
 [1 0 0]
 [1 0 0]
 [1 0 0]
 [1 0 0]
 [1 0 0]
 [0 1 0]
 [0 1 0]
 [0 1 0]
 [0 1 0]
 [0 1 0]
 [0 1 0]
 [0 1 0]
 [0 1 0]
 [0 1 0]
 [0 1 0]
 [0 1 0]
 [0 1 0]
 [0 1 0]
 [0 1 0]
 [0 1 0]
 [0 1 0]
 [0 1 0]
 [0 1 0]
 [0 1 0]
 [0 1 0]
 [0 1 0]
 [0 1 0]
 [0 1 0]
 [0 1 0]
 [0 1 0]
 [0 1 0]
 [0 1 0]
 [0 1 0]
 [0 1 0]
 [0 1 0]
 [0 1 0]
 [0 1 0]
 [0 1 0]
 [0 1 0]
 [0 1 0]
 [0 1 0]
 [0 1 0]
 [0 1 0]
 [0 1 0]
 [0 1 0]
 [0 0 1]
 [0 0 1]
 [0 0 1]
 [0 0 1]
 [0 0 1]
 [0 0 1]
 [0 0 1]
 [0 0 1]
 [0 0 1]
 [0 0 1]
 [0 0 1]
 [0 0 1]
 [0 0 1]
 [0 0 1]
 [0 0 1]
 [0 0 1]
 [0 0 1]
 [0 0 1]
 [0 0 1]
 [0 0 1]
 [0 0 1]
 [0 0 1]
 [0 0 1]
 [0 0 1]
 [0 0 1]
 [0 0 1]
 [0 0 1]
 [0 0 1]
 [0 0 1]
 [0 0 1]
 [0 0 1]
 [0 0 1]
 [0 0 1]
 [0 0 1]
 [0 0 1]
 [0 0 1]
 [0 0 1]
 [0 0 1]
 [0 0 1]
 [0 0 1]
 [0 0 1]
 [0 0 1]
 [0 0 1]
 [0 0 1]
 [0 0 1]
 [0 0 1]
 [0 0 1]
 [0 0 1]
 [0 0 1]
 [0 0 1]]
Estimating weights...
[5 5 4]
1 , 33.269971441
2 , 32.460887911
3 , 31.8619964215
4 , 31.3892470678
5 , 31.0070791693
6 , 30.6935197575
7 , 30.4330528601
8 , 30.2145288717
9 , 30.0297813701
10 , 29.8726436264
11 , 29.738316087
12 , 29.6229743016
13 , 29.5235210752
14 , 29.437421703
15 , 29.3625877729
16 , 29.2972907861
17 , 29.240095358
18 , 29.1898061933
19 , 29.1454253244
20 , 29.1061173223
21 , 29.0711808614
22 , 29.0400254271
23 , 29.0121522144
24 , 28.9871384554
25 , 28.9646245539
26 , 28.9443035191
27 , 28.9259122798
28 , 28.9092245372
29 , 28.8940448762
30 , 28.8802039053
31 , 28.8675542374
32 , 28.8559671593
33 , 28.8453298644
34 , 28.8355431479
35 , 28.8265194807
36 , 28.8181813948
37 , 28.8104601262
38 , 28.8032944686
39 , 28.7966298028
40 , 28.790417271
41 , 28.7846130718
42 , 28.7791778561
43 , 28.7740762064
44 , 28.7692761872
45 , 28.7647489545
46 , 28.7604684153
47 , 28.7564109303
48 , 28.7525550515
49 , 28.7488812923
50 , 28.7453719227
51 , 28.7420107886
52 , 28.7387831503
53 , 28.7356755379
54 , 28.7326756228
55 , 28.7297721016
56 , 28.7269545917
57 , 28.7242135377
58 , 28.7215401262
59 , 28.7189262091
60 , 28.7163642342
61 , 28.7138471821
62 , 28.711368509
63 , 28.708922094
64 , 28.7065021923
65 , 28.7041033917
66 , 28.7017205724
67 , 28.6993488714
68 , 28.696983649
69 , 28.694620458
70 , 28.6922550153
71 , 28.6898831762
72 , 28.6875009095
73 , 28.6851042753
74 , 28.6826894031
75 , 28.6802524723
76 , 28.6777896928
77 , 28.6752972868
78 , 28.6727714717
79 , 28.6702084427
80 , 28.6676043565
81 , 28.6649553152
82 , 28.6622573502
83 , 28.6595064065
84 , 28.6566983259
85 , 28.6538288318
86 , 28.6508935118
87 , 28.6478878015
88 , 28.6448069666
89 , 28.6416460851
90 , 28.6384000288
91 , 28.6350634436
92 , 28.631630729
93 , 28.628096017
94 , 28.6244531493
95 , 28.6206956537
96 , 28.616816719
97 , 28.6128091683
98 , 28.6086654314
99 , 28.6043775147
100 , 28.5999369699
101 , 28.5953348607
102 , 28.5905617275
103 , 28.5856075502
104 , 28.5804617089
105 , 28.5751129418
106 , 28.5695493021
107 , 28.5637581112
108 , 28.5577259105
109 , 28.5514384106
110 , 28.5448804385
111 , 28.5380358823
112 , 28.5308876341
113 , 28.5234175311
114 , 28.5156062955
115 , 28.5074334724
116 , 28.4988773679
117 , 28.4899149869
118 , 28.4805219709
119 , 28.4706725376
120 , 28.4603394229
121 , 28.449493826
122 , 28.4381053593
123 , 28.426142004
124 , 28.413570074
125 , 28.4003541883
126 , 28.3864572551
127 , 28.3718404691
128 , 28.3564633231
129 , 28.3402836376
130 , 28.3232576094
131 , 28.3053398813
132 , 28.2864836345
133 , 28.266640706
134 , 28.2457617316
135 , 28.2237963157
136 , 28.2006932275
137 , 28.1764006253
138 , 28.1508663057
139 , 28.124037979
140 , 28.0958635661
141 , 28.0662915172
142 , 28.0352711464
143 , 28.0027529808
144 , 27.9686891183
145 , 27.9330335914
146 , 27.8957427305
147 , 27.8567755237
148 , 27.8160939672
149 , 27.7736634029
150 , 27.7294528372
151 , 27.683435239
152 , 27.6355878116
153 , 27.5858922361
154 , 27.5343348833
155 , 27.4809069917
156 , 27.4256048102
157 , 27.3684297037
158 , 27.3093882205
159 , 27.2484921224
160 , 27.1857583753
161 , 27.1212091033
162 , 27.0548715041
163 , 26.9867777299
164 , 26.9169647332
165 , 26.8454740794
166 , 26.77235173
167 , 26.6976477972
168 , 26.6214162725
169 , 26.5437147348
170 , 26.4646040371
171 , 26.3841479798
172 , 26.30241297
173 , 26.2194676735
174 , 26.135382661
175 , 26.0502300538
176 , 25.9640831707
177 , 25.8770161812
178 , 25.7891037668
179 , 25.7004207937
180 , 25.6110419995
181 , 25.5210416962
182 , 25.4304934911
183 , 25.3394700271
184 , 25.2480427439
185 , 25.1562816608
186 , 25.064255181
187 , 24.9720299184
188 , 24.8796705463
189 , 24.7872396674
190 , 24.6947977053
191 , 24.6024028155
192 , 24.5101108158
193 , 24.4179751349
194 , 24.3260467775
195 , 24.2343743055
196 , 24.1430038324
197 , 24.0519790324
198 , 23.9613411592
199 , 23.8711290767
200 , 23.7813792978
201 , 23.692126032
202 , 23.6034012388
203 , 23.5152346877
204 , 23.4276540226
205 , 23.3406848298
206 , 23.2543507093
207 , 23.1686733484
208 , 23.0836725962
209 , 22.9993665398
210 , 22.9157715803
211 , 22.832902509
212 , 22.7507725828
213 , 22.6693935987
214 , 22.5887759675
215 , 22.5089287853
216 , 22.4298599038
217 , 22.3515759988
218 , 22.2740826359
219 , 22.1973843351
220 , 22.1214846324
221 , 22.0463861395
222 , 21.9720906007
223 , 21.8985989483
224 , 21.8259113548
225 , 21.7540272833
226 , 21.6829455352
227 , 21.6126642962
228 , 21.5431811797
229 , 21.4744932678
230 , 21.406597151
231 , 21.3394889647
232 , 21.2731644253
233 , 21.2076188625
234 , 21.1428472515
235 , 21.0788442424
236 , 21.0156041881
237 , 20.9531211709
238 , 20.8913890274
239 , 20.8304013717
240 , 20.7701516172
241 , 20.7106329978
242 , 20.6518385866
243 , 20.5937613145
244 , 20.536393987
245 , 20.4797293002
246 , 20.4237598554
247 , 20.3684781735
248 , 20.3138767075
249 , 20.259947855
250 , 20.206683969
251 , 20.154077369
252 , 20.1021203501
253 , 20.0508051927
254 , 20.0001241707
255 , 19.950069559
256 , 19.9006336412
257 , 19.8518087161
258 , 19.8035871039
259 , 19.7559611519
260 , 19.7089232398
261 , 19.6624657843
262 , 19.616581244
263 , 19.5712621232
264 , 19.5265009754
265 , 19.4822904072
266 , 19.4386230809
267 , 19.3954917177
268 , 19.3528891001
269 , 19.3108080738
270 , 19.2692415506
271 , 19.2281825094
272 , 19.1876239982
273 , 19.1475591357
274 , 19.1079811123
275 , 19.0688831911
276 , 19.0302587092
277 , 18.9921010784
278 , 18.9544037855
279 , 18.9171603934
280 , 18.8803645412
281 , 18.8440099445
282 , 18.8080903958
283 , 18.7725997643
284 , 18.7375319965
285 , 18.7028811156
286 , 18.6686412217
287 , 18.6348064915
288 , 18.6013711781
289 , 18.5683296109
290 , 18.5356761947
291 , 18.5034054101
292 , 18.4715118121
293 , 18.4399900307
294 , 18.4088347693
295 , 18.3780408049
296 , 18.3476029874
297 , 18.3175162386
298 , 18.2877755519
299 , 18.2583759917
300 , 18.2293126924
301 , 18.200580858
302 , 18.1721757611
303 , 18.1440927426
304 , 18.1163272105
305 , 18.0888746393
306 , 18.0617305694
307 , 18.0348906063
308 , 18.0083504195
309 , 17.982105742
310 , 17.9561523697
311 , 17.9304861602
312 , 17.9051030321
313 , 17.8799989645
314 , 17.8551699959
315 , 17.8306122236
316 , 17.8063218028
317 , 17.7822949458
318 , 17.7585279214
319 , 17.7350170539
320 , 17.7117587223
321 , 17.68874936
322 , 17.6659854532
323 , 17.643463541
324 , 17.6211802142
325 , 17.5991321144
326 , 17.5773159337
327 , 17.5557284135
328 , 17.5343663443
329 , 17.5132265645
330 , 17.4923059598
331 , 17.4716014627
332 , 17.4511100516
333 , 17.4308287501
334 , 17.4107546265
335 , 17.390884793
336 , 17.3712164048
337 , 17.35174666
338 , 17.3324727983
339 , 17.313392101
340 , 17.2945018897
341 , 17.2757995263
342 , 17.2572824119
343 , 17.2389479865
344 , 17.2207937281
345 , 17.2028171525
346 , 17.1850158124
347 , 17.1673872968
348 , 17.1499292306
349 , 17.1326392742
350 , 17.1155151225
351 , 17.0985545045
352 , 17.0817551832
353 , 17.0651149543
354 , 17.0486316463
355 , 17.0323031199
356 , 17.0161272671
357 , 17.0001020112
358 , 16.9842253059
359 , 16.9684951352
360 , 16.9529095125
361 , 16.9374664805
362 , 16.9221641106
363 , 16.9070005024
364 , 16.8919737833
365 , 16.8770821079
366 , 16.862323658
367 , 16.8476966418
368 , 16.8331992934
369 , 16.8188298728
370 , 16.804586665
371 , 16.7904679802
372 , 16.7764721528
373 , 16.7625975414
374 , 16.7488425281
375 , 16.7352055186
376 , 16.7216849414
377 , 16.7082792477
378 , 16.6949869108
379 , 16.681806426
380 , 16.6687363101
381 , 16.6557751011
382 , 16.6429213579
383 , 16.6301736599
384 , 16.6175306068
385 , 16.6049908182
386 , 16.5925529332
387 , 16.5802156104
388 , 16.5679775271
389 , 16.5558373795
390 , 16.5437938822
391 , 16.5318457678
392 , 16.5199917868
393 , 16.5082307074
394 , 16.4965613148
395 , 16.4849824114
396 , 16.4734928164
397 , 16.4620913653
398 , 16.4507769101
399 , 16.4395483186
400 , 16.4284044744
401 , 16.4173442767
402 , 16.4063666397
403 , 16.395470493
404 , 16.3846547808
405 , 16.3739184618
406 , 16.3632605092
407 , 16.3526799104
408 , 16.3421756665
409 , 16.3317467924
410 , 16.3213923167
411 , 16.311111281
412 , 16.3009027401
413 , 16.2907657619
414 , 16.2806994268
415 , 16.2707028277
416 , 16.2607750699
417 , 16.2509152709
418 , 16.24112256
419 , 16.2313960785
420 , 16.2217349792
421 , 16.2121384263
422 , 16.2026055954
423 , 16.1931356729
424 , 16.1837278565
425 , 16.1743813545
426 , 16.1650953859
427 , 16.15586918
428 , 16.1467019765
429 , 16.1375930254
430 , 16.1285415865
431 , 16.1195469295
432 , 16.110608334
433 , 16.1017250889
434 , 16.0928964928
435 , 16.0841218534
436 , 16.0754004877
437 , 16.0667317217
438 , 16.0581148903
439 , 16.0495493372
440 , 16.0410344147
441 , 16.0325694838
442 , 16.0241539136
443 , 16.0157870818
444 , 16.0074683742
445 , 15.9991971845
446 , 15.9909729144
447 , 15.9827949736
448 , 15.9746627794
449 , 15.9665757567
450 , 15.9585333379
451 , 15.9505349629
452 , 15.9425800787
453 , 15.9346681398
454 , 15.9267986075
455 , 15.9189709502
456 , 15.9111846434
457 , 15.9034391691
458 , 15.8957340163
459 , 15.8880686803
460 , 15.8804426632
461 , 15.8728554734
462 , 15.8653066258
463 , 15.8577956415
464 , 15.8503220477
465 , 15.8428853778
466 , 15.8354851711
467 , 15.8281209731
468 , 15.8207923348
469 , 15.8134988133
470 , 15.8062399713
471 , 15.7990153769
472 , 15.7918246042
473 , 15.7846672323
474 , 15.7775428461
475 , 15.7704510357
476 , 15.7633913962
477 , 15.7563635284
478 , 15.7493670378
479 , 15.7424015352
480 , 15.7354666362
481 , 15.7285619616
482 , 15.7216871369
483 , 15.7148417923
484 , 15.7080255629
485 , 15.7012380885
486 , 15.6944790134
487 , 15.6877479865
488 , 15.6810446613
489 , 15.6743686956
490 , 15.6677197517
491 , 15.6610974961
492 , 15.6545015998
493 , 15.6479317378
494 , 15.6413875893
495 , 15.6348688379
496 , 15.6283751708
497 , 15.6219062795
498 , 15.6154618596
499 , 15.6090416103
500 , 15.6026452348
501 , 15.5962724402
502 , 15.5899229372
503 , 15.5835964404
504 , 15.577292668
505 , 15.5710113417
506 , 15.5647521872
507 , 15.5585149332
508 , 15.5522993123
509 , 15.5461050604
510 , 15.5399319169
511 , 15.5337796245
512 , 15.5276479292
513 , 15.5215365804
514 , 15.5154453307
515 , 15.5093739359
516 , 15.503322155
517 , 15.4972897502
518 , 15.4912764866
519 , 15.4852821327
520 , 15.4793064596
521 , 15.4733492417
522 , 15.4674102563
523 , 15.4614892836
524 , 15.4555861066
525 , 15.4497005113
526 , 15.4438322864
527 , 15.4379812235
528 , 15.4321471167
529 , 15.4263297631
530 , 15.4205289624
531 , 15.4147445169
532 , 15.4089762316
533 , 15.403223914
534 , 15.3974873742
535 , 15.3917664248
536 , 15.3860608811
537 , 15.3803705606
538 , 15.3746952834
539 , 15.3690348719
540 , 15.3633891511
541 , 15.3577579482
542 , 15.3521410926
543 , 15.3465384164
544 , 15.3409497536
545 , 15.3353749406
546 , 15.3298138161
547 , 15.3242662209
548 , 15.3187319979
549 , 15.3132109924
550 , 15.3077030515
551 , 15.3022080247
552 , 15.2967257635
553 , 15.2912561213
554 , 15.2857989536
555 , 15.280354118
556 , 15.274921474
557 , 15.2695008832
558 , 15.2640922088
559 , 15.2586953163
560 , 15.2533100728
561 , 15.2479363475
562 , 15.2425740113
563 , 15.2372229369
564 , 15.231882999
565 , 15.2265540739
566 , 15.2212360397
567 , 15.2159287763
568 , 15.2106321653
569 , 15.20534609
570 , 15.2000704353
571 , 15.194805088
572 , 15.1895499363
573 , 15.1843048702
574 , 15.1790697812
575 , 15.1738445623
576 , 15.1686291084
577 , 15.1634233156
578 , 15.1582270817
579 , 15.1530403061
580 , 15.1478628894
581 , 15.1426947341
582 , 15.1375357439
583 , 15.1323858238
584 , 15.1272448806
585 , 15.1221128224
586 , 15.1169895584
587 , 15.1118749996
588 , 15.1067690581
589 , 15.1016716475
590 , 15.0965826825
591 , 15.0915020795
592 , 15.0864297557
593 , 15.0813656302
594 , 15.0763096227
595 , 15.0712616547
596 , 15.0662216487
597 , 15.0611895283
598 , 15.0561652187
599 , 15.0511486459
600 , 15.0461397372
601 , 15.0411384213
602 , 15.0361446277
603 , 15.0311582873
604 , 15.0261793319
605 , 15.0212076947
606 , 15.0162433097
607 , 15.0112861121
608 , 15.0063360384
609 , 15.0013930257
610 , 14.9964570126
611 , 14.9915279384
612 , 14.9866057436
613 , 14.9816903696
614 , 14.976781759
615 , 14.971879855
616 , 14.9669846022
617 , 14.9620959458
618 , 14.9572138322
619 , 14.9523382087
620 , 14.9474690232
621 , 14.9426062251
622 , 14.9377497641
623 , 14.9328995911
624 , 14.928055658
625 , 14.9232179171
626 , 14.9183863221
627 , 14.9135608272
628 , 14.9087413874
629 , 14.9039279587
630 , 14.8991204979
631 , 14.8943189625
632 , 14.8895233108
633 , 14.884733502
634 , 14.8799494958
635 , 14.8751712529
636 , 14.8703987346
637 , 14.8656319032
638 , 14.8608707213
639 , 14.8561151526
640 , 14.8513651613
641 , 14.8466207123
642 , 14.8418817713
643 , 14.8371483046
644 , 14.8324202792
645 , 14.8276976626
646 , 14.8229804233
647 , 14.81826853
648 , 14.8135619524
649 , 14.8088606607
650 , 14.8041646255
651 , 14.7994738184
652 , 14.7947882113
653 , 14.7901077767
654 , 14.7854324879
655 , 14.7807623186
656 , 14.7760972429
657 , 14.7714372358
658 , 14.7667822726
659 , 14.7621323293
660 , 14.7574873822
661 , 14.7528474084
662 , 14.7482123853
663 , 14.7435822908
664 , 14.7389571035
665 , 14.7343368023
666 , 14.7297213666
667 , 14.7251107764
668 , 14.720505012
669 , 14.7159040542
670 , 14.7113078844
671 , 14.7067164842
672 , 14.7021298358
673 , 14.6975479219
674 , 14.6929707253
675 , 14.6883982296
676 , 14.6838304186
677 , 14.6792672765
678 , 14.6747087879
679 , 14.6701549379
680 , 14.6656057118
681 , 14.6610610954
682 , 14.6565210749
683 , 14.6519856367
684 , 14.6474547676
685 , 14.642928455
686 , 14.6384066863
687 , 14.6338894494
688 , 14.6293767325
689 , 14.6248685241
690 , 14.6203648131
691 , 14.6158655886
692 , 14.6113708401
693 , 14.6068805573
694 , 14.6023947303
695 , 14.5979133495
696 , 14.5934364054
697 , 14.5889638889
698 , 14.5844957913
699 , 14.5800321039
700 , 14.5755728185
701 , 14.5711179269
702 , 14.5666674214
703 , 14.5622212945
704 , 14.5577795387
705 , 14.553342147
706 , 14.5489091126
707 , 14.5444804288
708 , 14.5400560892
709 , 14.5356360876
710 , 14.531220418
711 , 14.5268090745
712 , 14.5224020517
713 , 14.517999344
714 , 14.5136009463
715 , 14.5092068536
716 , 14.5048170609
717 , 14.5004315637
718 , 14.4960503574
719 , 14.4916734376
720 , 14.4873008003
721 , 14.4829324413
722 , 14.4785683569
723 , 14.4742085433
724 , 14.4698529969
725 , 14.4655017143
726 , 14.4611546922
727 , 14.4568119274
728 , 14.452473417
729 , 14.4481391579
730 , 14.4438091475
731 , 14.439483383
732 , 14.4351618618
733 , 14.4308445816
734 , 14.42653154
735 , 14.4222227347
736 , 14.4179181635
737 , 14.4136178245
738 , 14.4093217156
739 , 14.405029835
740 , 14.4007421809
741 , 14.3964587516
742 , 14.3921795453
743 , 14.3879045607
744 , 14.3836337961
745 , 14.3793672501
746 , 14.3751049214
747 , 14.3708468086
748 , 14.3665929105
749 , 14.3623432259
750 , 14.3580977537
751 , 14.3538564927
752 , 14.3496194419
753 , 14.3453866002
754 , 14.3411579667
755 , 14.3369335404
756 , 14.3327133204
757 , 14.3284973058
758 , 14.3242854957
759 , 14.3200778894
760 , 14.3158744859
761 , 14.3116752845
762 , 14.3074802844
763 , 14.3032894848
764 , 14.2991028849
765 , 14.294920484
766 , 14.2907422813
767 , 14.286568276
768 , 14.2823984674
769 , 14.2782328546
770 , 14.2740714371
771 , 14.2699142138
772 , 14.2657611841
773 , 14.2616123471
774 , 14.2574677021
775 , 14.253327248
776 , 14.2491909842
777 , 14.2450589096
778 , 14.2409310234
779 , 14.2368073245
780 , 14.2326878121
781 , 14.228572485
782 , 14.2244613423
783 , 14.2203543829
784 , 14.2162516055
785 , 14.212153009
786 , 14.2080585923
787 , 14.203968354
788 , 14.1998822927
789 , 14.1958004072
790 , 14.191722696
791 , 14.1876491576
792 , 14.1835797905
793 , 14.179514593
794 , 14.1754535635
795 , 14.1713967003
796 , 14.1673440015
797 , 14.1632954653
798 , 14.1592510898
799 , 14.155210873
800 , 14.1511748126
801 , 14.1471429067
802 , 14.1431151529
803 , 14.1390915489
804 , 14.1350720924
805 , 14.1310567807
806 , 14.1270456114
807 , 14.1230385818
808 , 14.119035689
809 , 14.1150369303
810 , 14.1110423027
811 , 14.1070518032
812 , 14.1030654285
813 , 14.0990831756
814 , 14.0951050409
815 , 14.0911310211
816 , 14.0871611126
817 , 14.0831953118
818 , 14.0792336147
819 , 14.0752760177
820 , 14.0713225166
821 , 14.0673731074
822 , 14.0634277857
823 , 14.0594865473
824 , 14.0555493876
825 , 14.0516163021
826 , 14.047687286
827 , 14.0437623344
828 , 14.0398414425
829 , 14.0359246049
830 , 14.0320118166
831 , 14.0281030721
832 , 14.0241983658
833 , 14.0202976922
834 , 14.0164010454
835 , 14.0125084194
836 , 14.0086198082
837 , 14.0047352055
838 , 14.0008546049
839 , 13.9969779999
840 , 13.9931053838
841 , 13.9892367497
842 , 13.9853720907
843 , 13.9815113995
844 , 13.9776546688
845 , 13.9738018912
846 , 13.9699530589
847 , 13.9661081642
848 , 13.962267199
849 , 13.9584301552
850 , 13.9545970245
851 , 13.9507677983
852 , 13.9469424679
853 , 13.9431210244
854 , 13.9393034589
855 , 13.935489762
856 , 13.9316799243
857 , 13.9278739362
858 , 13.9240717879
859 , 13.9202734694
860 , 13.9164789705
861 , 13.9126882807
862 , 13.9089013895
863 , 13.9051182861
864 , 13.9013389594
865 , 13.8975633982
866 , 13.8937915912
867 , 13.8900235266
868 , 13.8862591927
869 , 13.8824985773
870 , 13.8787416681
871 , 13.8749884526
872 , 13.8712389181
873 , 13.8674930516
874 , 13.8637508398
875 , 13.8600122695
876 , 13.8562773268
877 , 13.8525459979
878 , 13.8488182685
879 , 13.8450941244
880 , 13.8413735509
881 , 13.837656533
882 , 13.8339430556
883 , 13.8302331033
884 , 13.8265266604
885 , 13.8228237111
886 , 13.8191242391
887 , 13.8154282279
888 , 13.8117356609
889 , 13.808046521
890 , 13.8043607909
891 , 13.8006784531
892 , 13.7969994897
893 , 13.7933238827
894 , 13.7896516135
895 , 13.7859826635
896 , 13.7823170136
897 , 13.7786546446
898 , 13.7749955369
899 , 13.7713396704
900 , 13.7676870251
901 , 13.7640375803
902 , 13.7603913152
903 , 13.7567482087
904 , 13.7531082391
905 , 13.7494713848
906 , 13.7458376236
907 , 13.7422069329
908 , 13.73857929
909 , 13.7349546716
910 , 13.7313330544
911 , 13.7277144143
912 , 13.7240987274
913 , 13.7204859688
914 , 13.7168761138
915 , 13.7132691371
916 , 13.7096650131
917 , 13.7060637156
918 , 13.7024652184
919 , 13.6988694947
920 , 13.6952765173
921 , 13.6916862588
922 , 13.6880986912
923 , 13.6845137861
924 , 13.6809315151
925 , 13.6773518488
926 , 13.6737747579
927 , 13.6702002125
928 , 13.6666281823
929 , 13.6630586365
930 , 13.6594915441
931 , 13.6559268735
932 , 13.6523645927
933 , 13.6488046694
934 , 13.6452470708
935 , 13.6416917636
936 , 13.6381387142
937 , 13.6345878884
938 , 13.6310392517
939 , 13.6274927692
940 , 13.6239484053
941 , 13.6204061244
942 , 13.6168658899
943 , 13.6133276653
944 , 13.6097914131
945 , 13.6062570959
946 , 13.6027246753
947 , 13.599194113
948 , 13.5956653698
949 , 13.5921384061
950 , 13.5886131822
951 , 13.5850896574
952 , 13.581567791
953 , 13.5780475415
954 , 13.5745288672
955 , 13.5710117258
956 , 13.5674960745
957 , 13.5639818701
958 , 13.560469069
959 , 13.556957627
960 , 13.5534474995
961 , 13.5499386415
962 , 13.5464310074
963 , 13.5429245513
964 , 13.5394192268
965 , 13.5359149869
966 , 13.5324117845
967 , 13.5289095717
968 , 13.5254083003
969 , 13.5219079216
970 , 13.5184083867
971 , 13.5149096461
972 , 13.5114116498
973 , 13.5079143475
974 , 13.5044176884
975 , 13.5009216216
976 , 13.4974260953
977 , 13.4939310578
978 , 13.4904364568
979 , 13.4869422395
980 , 13.4834483531
981 , 13.4799547442
982 , 13.476461359
983 , 13.4729681436
984 , 13.4694750436
985 , 13.4659820045
986 , 13.4624889713
987 , 13.4589958888
988 , 13.4555027016
989 , 13.452009354
990 , 13.4485157901
991 , 13.4450219538
992 , 13.4415277888
993 , 13.4380332385
994 , 13.4345382463
995 , 13.4310427554
996 , 13.4275467089
997 , 13.4240500497
998 , 13.4205527208
999 , 13.417054665
1000 , 13.4135558251
1001 , 13.4100561438
1002 , 13.4065555641
1003 , 13.4030540287
1004 , 13.3995514806
1005 , 13.3960478626
1006 , 13.3925431179
1007 , 13.3890371897
1008 , 13.3855300213
1009 , 13.3820215564
1010 , 13.3785117388
1011 , 13.3750005124
1012 , 13.3714878216
1013 , 13.3679736109
1014 , 13.3644578254
1015 , 13.3609404103
1016 , 13.3574213113
1017 , 13.3539004746
1018 , 13.3503778466
1019 , 13.3468533746
1020 , 13.3433270059
1021 , 13.3397986888
1022 , 13.336268372
1023 , 13.3327360046
1024 , 13.3292015368
1025 , 13.3256649191
1026 , 13.3221261027
1027 , 13.3185850398
1028 , 13.315041683
1029 , 13.3114959862
1030 , 13.3079479035
1031 , 13.3043973903
1032 , 13.3008444028
1033 , 13.2972888979
1034 , 13.2937308337
1035 , 13.290170169
1036 , 13.2866068639
1037 , 13.2830408792
1038 , 13.2794721769
1039 , 13.27590072
1040 , 13.2723264727
1041 , 13.2687494002
1042 , 13.2651694688
1043 , 13.2615866461
1044 , 13.2580009006
1045 , 13.2544122022
1046 , 13.250820522
1047 , 13.2472258322
1048 , 13.2436281063
1049 , 13.240027319
1050 , 13.2364234463
1051 , 13.2328164654
1052 , 13.2292063548
1053 , 13.2255930943
1054 , 13.221976665
1055 , 13.2183570493
1056 , 13.2147342307
1057 , 13.2111081943
1058 , 13.2074789263
1059 , 13.2038464143
1060 , 13.200210647
1061 , 13.1965716147
1062 , 13.1929293087
1063 , 13.1892837217
1064 , 13.1856348477
1065 , 13.1819826819
1066 , 13.1783272208
1067 , 13.1746684621
1068 , 13.1710064047
1069 , 13.167341049
1070 , 13.1636723961
1071 , 13.1600004487
1072 , 13.1563252104
1073 , 13.1526466862
1074 , 13.1489648821
1075 , 13.1452798051
1076 , 13.1415914635
1077 , 13.1378998665
1078 , 13.1342050245
1079 , 13.1305069487
1080 , 13.1268056514
1081 , 13.123101146
1082 , 13.1193934467
1083 , 13.1156825685
1084 , 13.1119685277
1085 , 13.1082513409
1086 , 13.1045310259
1087 , 13.1008076013
1088 , 13.0970810863
1089 , 13.0933515009
1090 , 13.0896188658
1091 , 13.0858832025
1092 , 13.0821445329
1093 , 13.0784028797
1094 , 13.0746582662
1095 , 13.070910716
1096 , 13.0671602535
1097 , 13.0634069034
1098 , 13.0596506908
1099 , 13.0558916415
1100 , 13.0521297814
1101 , 13.0483651368
1102 , 13.0445977343
1103 , 13.0408276008
1104 , 13.0370547636
1105 , 13.0332792499
1106 , 13.0295010872
1107 , 13.0257203033
1108 , 13.021936926
1109 , 13.0181509829
1110 , 13.0143625022
1111 , 13.0105715115
1112 , 13.006778039
1113 , 13.0029821122
1114 , 12.9991837591
1115 , 12.9953830071
1116 , 12.9915798838
1117 , 12.9877744165
1118 , 12.9839666322
1119 , 12.9801565578
1120 , 12.9763442198
1121 , 12.9725296446
1122 , 12.9687128581
1123 , 12.9648938859
1124 , 12.9610727533
1125 , 12.9572494851
1126 , 12.9534241058
1127 , 12.9495966392
1128 , 12.9457671089
1129 , 12.9419355378
1130 , 12.9381019486
1131 , 12.934266363
1132 , 12.9304288024
1133 , 12.9265892878
1134 , 12.9227478392
1135 , 12.9189044762
1136 , 12.9150592178
1137 , 12.9112120823
1138 , 12.9073630872
1139 , 12.9035122495
1140 , 12.8996595855
1141 , 12.8958051106
1142 , 12.8919488397
1143 , 12.8880907867
1144 , 12.884230965
1145 , 12.8803693872
1146 , 12.8765060649
1147 , 12.8726410091
1148 , 12.8687742301
1149 , 12.8649057372
1150 , 12.8610355391
1151 , 12.8571636433
1152 , 12.853290057
1153 , 12.8494147863
1154 , 12.8455378363
1155 , 12.8416592117
1156 , 12.837778916
1157 , 12.8338969519
1158 , 12.8300133215
1159 , 12.8261280259
1160 , 12.8222410653
1161 , 12.818352439
1162 , 12.8144621458
1163 , 12.8105701833
1164 , 12.8066765484
1165 , 12.8027812372
1166 , 12.7988842449
1167 , 12.7949855658
1168 , 12.7910851935
1169 , 12.7871831207
1170 , 12.7832793394
1171 , 12.7793738406
1172 , 12.7754666146
1173 , 12.7715576509
1174 , 12.767646938
1175 , 12.763734464
1176 , 12.7598202158
1177 , 12.7559041798
1178 , 12.7519863415
1179 , 12.7480666856
1180 , 12.7441451961
1181 , 12.7402218564
1182 , 12.7362966488
1183 , 12.7323695552
1184 , 12.7284405566
1185 , 12.7245096333
1186 , 12.7205767649
1187 , 12.7166419304
1188 , 12.7127051079
1189 , 12.7087662751
1190 , 12.7048254088
1191 , 12.7008824851
1192 , 12.6969374798
1193 , 12.6929903676
1194 , 12.6890411229
1195 , 12.6850897193
1196 , 12.68113613
1197 , 12.6771803273
1198 , 12.6732222831
1199 , 12.6692619686
1200 , 12.6652993548
1201 , 12.6613344115
1202 , 12.6573671086
1203 , 12.6533974149
1204 , 12.6494252991
1205 , 12.6454507292
1206 , 12.6414736727
1207 , 12.6374940965
1208 , 12.6335119672
1209 , 12.6295272509
1210 , 12.625539913
1211 , 12.6215499188
1212 , 12.6175572328
1213 , 12.6135618192
1214 , 12.6095636419
1215 , 12.6055626642
1216 , 12.601558849
1217 , 12.5975521589
1218 , 12.5935425561
1219 , 12.5895300022
1220 , 12.5855144587
1221 , 12.5814958866
1222 , 12.5774742465
1223 , 12.5734494987
1224 , 12.5694216032
1225 , 12.5653905196
1226 , 12.5613562072
1227 , 12.5573186248
1228 , 12.5532777313
1229 , 12.5492334848
1230 , 12.5451858435
1231 , 12.541134765
1232 , 12.5370802068
1233 , 12.5330221261
1234 , 12.5289604797
1235 , 12.5248952244
1236 , 12.5208263163
1237 , 12.5167537116
1238 , 12.5126773662
1239 , 12.5085972356
1240 , 12.5045132752
1241 , 12.5004254399
1242 , 12.4963336848
1243 , 12.4922379644
1244 , 12.4881382331
1245 , 12.484034445
1246 , 12.4799265542
1247 , 12.4758145143
1248 , 12.4716982787
1249 , 12.4675778009
1250 , 12.4634530338
1251 , 12.4593239304
1252 , 12.4551904431
1253 , 12.4510525246
1254 , 12.446910127
1255 , 12.4427632023
1256 , 12.4386117024
1257 , 12.4344555788
1258 , 12.430294783
1259 , 12.4261292661
1260 , 12.4219589791
1261 , 12.4177838729
1262 , 12.4136038979
1263 , 12.4094190045
1264 , 12.405229143
1265 , 12.4010342631
1266 , 12.3968343147
1267 , 12.3926292473
1268 , 12.3884190101
1269 , 12.3842035522
1270 , 12.3799828224
1271 , 12.3757567695
1272 , 12.3715253416
1273 , 12.3672884871
1274 , 12.3630461537
1275 , 12.3587982893
1276 , 12.3545448411
1277 , 12.3502857564
1278 , 12.3460209821
1279 , 12.3417504649
1280 , 12.337474151
1281 , 12.3331919868
1282 , 12.3289039179
1283 , 12.32460989
1284 , 12.3203098484
1285 , 12.316003738
1286 , 12.3116915034
1287 , 12.3073730892
1288 , 12.3030484393
1289 , 12.2987174975
1290 , 12.2943802073
1291 , 12.2900365116
1292 , 12.2856863532
1293 , 12.2813296746
1294 , 12.2769664177
1295 , 12.2725965243
1296 , 12.2682199356
1297 , 12.2638365926
1298 , 12.2594464357
1299 , 12.2550494053
1300 , 12.2506454409
1301 , 12.2462344819
1302 , 12.2418164673
1303 , 12.2373913354
1304 , 12.2329590244
1305 , 12.2285194718
1306 , 12.2240726148
1307 , 12.21961839
1308 , 12.2151567336
1309 , 12.2106875815
1310 , 12.2062108687
1311 , 12.2017265301
1312 , 12.1972344999
1313 , 12.1927347118
1314 , 12.1882270989
1315 , 12.1837115939
1316 , 12.179188129
1317 , 12.1746566356
1318 , 12.1701170449
1319 , 12.1655692872
1320 , 12.1610132923
1321 , 12.1564489896
1322 , 12.1518763077
1323 , 12.1472951746
1324 , 12.1427055179
1325 , 12.1381072644
1326 , 12.1335003402
1327 , 12.128884671
1328 , 12.1242601817
1329 , 12.1196267966
1330 , 12.1149844393
1331 , 12.1103330327
1332 , 12.1056724992
1333 , 12.1010027603
1334 , 12.096323737
1335 , 12.0916353495
1336 , 12.0869375173
1337 , 12.0822301593
1338 , 12.0775131936
1339 , 12.0727865375
1340 , 12.0680501077
1341 , 12.0633038202
1342 , 12.0585475902
1343 , 12.0537813321
1344 , 12.0490049598
1345 , 12.0442183861
1346 , 12.0394215233
1347 , 12.0346142829
1348 , 12.0297965757
1349 , 12.0249683115
1350 , 12.0201293996
1351 , 12.0152797485
1352 , 12.0104192658
1353 , 12.0055478584
1354 , 12.0006654324
1355 , 11.9957718932
1356 , 11.9908671455
1357 , 11.985951093
1358 , 11.9810236387
1359 , 11.9760846851
1360 , 11.9711341335
1361 , 11.9661718847
1362 , 11.9611978388
1363 , 11.9562118948
1364 , 11.9512139513
1365 , 11.946203906
1366 , 11.9411816558
1367 , 11.9361470968
1368 , 11.9311001246
1369 , 11.9260406337
1370 , 11.9209685182
1371 , 11.9158836713
1372 , 11.9107859854
1373 , 11.9056753524
1374 , 11.9005516633
1375 , 11.8954148084
1376 , 11.8902646774
1377 , 11.8851011592
1378 , 11.8799241421
1379 , 11.8747335137
1380 , 11.8695291609
1381 , 11.86431097
1382 , 11.8590788265
1383 , 11.8538326156
1384 , 11.8485722215
1385 , 11.8432975279
1386 , 11.838008418
1387 , 11.8327047744
1388 , 11.827386479
1389 , 11.8220534132
1390 , 11.8167054578
1391 , 11.8113424931
1392 , 11.805964399
1393 , 11.8005710546
1394 , 11.7951623387
1395 , 11.7897381297
1396 , 11.7842983053
1397 , 11.7788427428
1398 , 11.7733713193
1399 , 11.7678839111
1400 , 11.7623803945
1401 , 11.756860645
1402 , 11.7513245382
1403 , 11.7457719489
1404 , 11.7402027518
1405 , 11.7346168214
1406 , 11.7290140316
1407 , 11.7233942562
1408 , 11.7177573687
1409 , 11.7121032425
1410 , 11.7064317505
1411 , 11.7007427657
1412 , 11.6950361608
1413 , 11.6893118082
1414 , 11.6835695805
1415 , 11.6778093498
1416 , 11.6720309883
1417 , 11.6662343682
1418 , 11.6604193615
1419 , 11.6545858403
1420 , 11.6487336765
1421 , 11.6428627423
1422 , 11.6369729096
1423 , 11.6310640506
1424 , 11.6251360376
1425 , 11.6191887427
1426 , 11.6132220386
1427 , 11.6072357977
1428 , 11.6012298928
1429 , 11.5952041968
1430 , 11.589158583
1431 , 11.5830929248
1432 , 11.5770070957
1433 , 11.5709009698
1434 , 11.5647744214
1435 , 11.5586273249
1436 , 11.5524595555
1437 , 11.5462709884
1438 , 11.5400614994
1439 , 11.5338309646
1440 , 11.5275792606
1441 , 11.5213062645
1442 , 11.515011854
1443 , 11.508695907
1444 , 11.5023583022
1445 , 11.4959989188
1446 , 11.4896176367
1447 , 11.4832143361
1448 , 11.4767888981
1449 , 11.4703412044
1450 , 11.4638711373
1451 , 11.4573785798
1452 , 11.4508634158
1453 , 11.4443255298
1454 , 11.4377648069
1455 , 11.4311811334
1456 , 11.4245743959
1457 , 11.4179444823
1458 , 11.411291281
1459 , 11.4046146814
1460 , 11.397914574
1461 , 11.3911908497
1462 , 11.3844434009
1463 , 11.3776721206
1464 , 11.3708769028
1465 , 11.3640576426
1466 , 11.357214236
1467 , 11.3503465802
1468 , 11.3434545732
1469 , 11.3365381143
1470 , 11.3295971038
1471 , 11.322631443
1472 , 11.3156410345
1473 , 11.3086257818
1474 , 11.3015855899
1475 , 11.2945203647
1476 , 11.2874300133
1477 , 11.2803144442
1478 , 11.2731735668
1479 , 11.2660072922
1480 , 11.2588155323
1481 , 11.2515982006
1482 , 11.2443552116
1483 , 11.2370864813
1484 , 11.2297919271
1485 , 11.2224714675
1486 , 11.2151250223
1487 , 11.2077525131
1488 , 11.2003538623
1489 , 11.1929289941
1490 , 11.185477834
1491 , 11.1780003087
1492 , 11.1704963467
1493 , 11.1629658775
1494 , 11.1554088325
1495 , 11.1478251442
1496 , 11.1402147467
1497 , 11.1325775756
1498 , 11.1249135681
1499 , 11.1172226626
1500 , 11.1095047993
1501 , 11.1017599198
1502 , 11.0939879672
1503 , 11.0861888863
1504 , 11.0783626232
1505 , 11.0705091259
1506 , 11.0626283436
1507 , 11.0547202274
1508 , 11.0467847297
1509 , 11.0388218047
1510 , 11.0308314081
1511 , 11.0228134972
1512 , 11.0147680311
1513 , 11.0066949702
1514 , 10.9985942768
1515 , 10.9904659147
1516 , 10.9823098494
1517 , 10.974126048
1518 , 10.9659144793
1519 , 10.9576751137
1520 , 10.9494079233
1521 , 10.9411128818
1522 , 10.9327899648
1523 , 10.9244391492
1524 , 10.9160604138
1525 , 10.9076537392
1526 , 10.8992191075
1527 , 10.8907565025
1528 , 10.8822659097
1529 , 10.8737473164
1530 , 10.8652007116
1531 , 10.8566260858
1532 , 10.8480234314
1533 , 10.8393927424
1534 , 10.8307340146
1535 , 10.8220472454
1536 , 10.8133324341
1537 , 10.8045895815
1538 , 10.7958186902
1539 , 10.7870197644
1540 , 10.7781928104
1541 , 10.7693378356
1542 , 10.7604548498
1543 , 10.7515438639
1544 , 10.7426048912
1545 , 10.7336379458
1546 , 10.7246430446
1547 , 10.7156202051
1548 , 10.7065694478
1549 , 10.6974907933
1550 , 10.688384266
1551 , 10.6792498895
1552 , 10.6700876923
1553 , 10.6608977009
1554 , 10.6516799478
1555 , 10.6424344627
1556 , 10.6331612823
1557 , 10.6238604392
1558 , 10.6145319752
1559 , 10.6051759255
1560 , 10.5957923377
1561 , 10.5863812499
1562 , 10.5769427169
1563 , 10.5674767803
1564 , 10.5579835042
1565 , 10.5484629351
1566 , 10.5389151505
1567 , 10.5293402049
1568 , 10.5197381965
1569 , 10.5101091951
1570 , 10.5004533318
1571 , 10.4907707072
1572 , 10.4810615084
1573 , 10.4713258994
1574 , 10.4615641632
1575 , 10.4517765971
1576 , 10.4419636509
1577 , 10.4321259028
1578 , 10.4222640903
1579 , 10.41237939
1580 , 10.4024730191
1581 , 10.3925474501
1582 , 10.382604639
1583 , 10.3726499156
1584 , 10.3626861768
1585 , 10.3527251946
1586 , 10.3427703669
1587 , 10.3328483592
1588 , 10.322959917
1589 , 10.313167048
1590 , 10.3034553329
1591 , 10.2939728228
1592 , 10.2846478354
1593 , 10.2758428762
1594 , 10.2672976568
1595 , 10.2599198805
1596 , 10.2528679007
1597 , 10.2484557803
1598 , 10.2441195237
1599 , 10.245827358
1600 , 10.2460639958
1601 , 10.2602599192
1602 , 10.2671158152
1603 , 10.3060819134
1604 , 10.3192374224
1605 , 10.4042831925
1606 , 10.4133727095
1607 , 10.5739943578
1608 , 10.5450890325
1609 , 10.8054288578
1610 , 10.6781187612
1611 , 11.0327238147
1612 , 10.761946625
1613 , 11.1720191569
1614 , 10.7830891537
1615 , 11.2068794365
1616 , 10.7658114801
1617 , 11.1803802902
1618 , 10.7328498702
1619 , 11.1299870539
1620 , 10.6945719758
1621 , 11.0723184375
1622 , 10.6547270051
1623 , 11.0132480651
1624 , 10.6146127799
1625 , 10.9547328076
1626 , 10.5746844844
1627 , 10.8974013011
1628 , 10.5351038604
1629 , 10.8414285462
1630 , 10.4959270704
1631 , 10.7868321313
1632 , 10.4571711651
1633 , 10.7335756306
1634 , 10.4188384427
1635 , 10.681605672
1636 , 10.3809255922
1637 , 10.6308653098
1638 , 10.3434271352
1639 , 10.5812986739
1640 , 10.3063366813
1641 , 10.5328523688
1642 , 10.2696473401
1643 , 10.4854756854
1644 , 10.2333518211
1645 , 10.4391204167
1646 , 10.1974424315
1647 , 10.3937405803
1648 , 10.1619110528
1649 , 10.3492921533
1650 , 10.1267491263
1651 , 10.305732855
1652 , 10.091947657
1653 , 10.2630219794
1654 , 10.0574972335
1655 , 10.2211202717
1656 , 10.0233880631
1657 , 10.1799898396
1658 , 9.98961001714
Weights: 
[ array([[-0.75257795, -0.199892  , -0.75934716, -0.16940281,  0.44217387],
       [ 0.17400421,  1.20310781,  1.59008343, -1.69863533, -2.32357517],
       [-0.52186668, -0.41911219, -0.90748622,  1.69395441,  0.34902541],
       [ 0.2996784 , -0.53711914, -0.68068908,  0.63471451, -0.69402097]])
 array([[ 2.70919846,  0.21320109,  5.38437052, -3.43880788, -0.89850707],
       [ 1.53484553,  0.52119824,  0.39529887,  0.94307157,  0.64363305],
       [-0.89575371, -0.16154194, -6.60425177,  1.51836916,  0.08557335]])]
outputs =  [1 0 0]  actualY =  [1 0 0]
outputs =  [1 0 0]  actualY =  [1 0 0]
outputs =  [1 0 0]  actualY =  [1 0 0]
outputs =  [1 0 0]  actualY =  [1 0 0]
outputs =  [1 0 0]  actualY =  [1 0 0]
outputs =  [1 0 0]  actualY =  [1 0 0]
outputs =  [1 0 0]  actualY =  [1 0 0]
outputs =  [1 0 0]  actualY =  [1 0 0]
outputs =  [1 0 0]  actualY =  [1 0 0]
outputs =  [1 0 0]  actualY =  [1 0 0]
outputs =  [0 0 0]  actualY =  [0 1 0]
outputs =  [0 0 0]  actualY =  [0 1 0]
outputs =  [0 0 0]  actualY =  [0 1 0]
outputs =  [0 0 1]  actualY =  [0 1 0]
outputs =  [0 0 0]  actualY =  [0 1 0]
outputs =  [0 0 0]  actualY =  [0 1 0]
outputs =  [0 0 0]  actualY =  [0 1 0]
outputs =  [0 0 0]  actualY =  [0 1 0]
outputs =  [0 0 0]  actualY =  [0 1 0]
outputs =  [0 0 0]  actualY =  [0 1 0]
outputs =  [0 0 1]  actualY =  [0 0 1]
outputs =  [0 0 1]  actualY =  [0 0 1]
outputs =  [0 0 1]  actualY =  [0 0 1]
outputs =  [0 0 1]  actualY =  [0 0 1]
outputs =  [0 0 1]  actualY =  [0 0 1]
outputs =  [0 0 1]  actualY =  [0 0 1]
outputs =  [0 0 1]  actualY =  [0 0 1]
outputs =  [0 0 1]  actualY =  [0 0 1]
outputs =  [0 0 1]  actualY =  [0 0 1]
outputs =  [0 0 1]  actualY =  [0 0 1]
20   30   0.666666666667
