Palindrome
0.6 1265 0.0199684234945
w =  [ array([[ 2.22137892,  3.93372889, -0.10845358, -4.12567795],
       [ 0.4143944 ,  0.66628768,  0.61926625, -0.46754192],
       [ 2.41070214, -4.41607814, -0.11505324,  4.18566841]])
 array([[-2.45112917, -5.29305934,  0.29017323, -5.23590569]])]
0.7 764 0.0199856924413
w =  [ array([[-1.08418504, -1.80429126,  0.44469564,  1.57268287],
       [-2.07944776, -3.5972824 , -0.22448163,  3.72749958],
       [ 2.34663583, -4.49520964, -0.11189237,  4.26814804]])
 array([[ 3.14021164,  1.88029986,  4.51137719, -5.75750708]])]
0.8 1856 0.0199541464472
w =  [ array([[-0.9471699 ,  1.29383174, -2.58301633, -0.46577771],
       [ 4.80738916,  3.30670774, -0.45333337,  3.23592973],
       [-1.20894817, -4.48183417,  0.20774689, -4.65886379]])
 array([[ 2.58228937, -0.47723638,  5.56230877,  6.18026326]])]
*****************
