XOR
M   epoch error
0.1 522 0.0198924486635
0.2 481 0.0199412972903
0.3 327 0.0199216991893
0.4 325 0.019987768428
0.5 437 0.0199164157914

****************
Palindrome
0.1 6 0.0187176645456
0.2 12 0.0189582923561
0.3 13 0.0186291334412
0.4 1 0.00541689191367
0.5 1 0.000542763702545
0.6 1 0.0122225944242
0.7 33 0.0183298872592
0.8 80 0.0199164980566
0.9 110 0.01993936949
1.0 1 9.20909293809e-06
*****************

Majority
0.1 66 0.00860213332798
0.2 47 0.0177408267111
0.3 49 0.0126154796912
0.4 53 0.00771364974713
0.5 61 0.0198714937997
0.6 64 0.0155852756258
0.7 136 0.0198125623596
0.8 241 0.0189329752833
0.9 1268 0.0199721936564

##############################################################################
Another Data

Palindrome
0.1 7 0.0182399052762
0.2 14 0.0189347431501
0.3 20 0.0192759489366
0.4 55 0.0193831533377
0.5 26 0.0194164030769
0.6 1 0.000274433844663
0.7 35 0.0199022904265
0.8 1 0.00010471976441
0.9 595 0.0197667392227
