-1 0 0 0 0 0 | 0 | 0 | 1 |  
-1 1 0 0 0 0 | 1 | 0 | 0 |  
-1 0 1 0 0 0 | 0 | 1 | 0 |  
-1 1 1 0 0 0 | 0 | 1 | 0 |  
-1 0 0 1 0 0 | 0 | 0 | 1 |  
-1 1 0 1 0 0 | 1 | 0 | 0 |  
-1 0 1 1 0 0 | 0 | 1 | 0 |  
-1 1 1 1 0 0 | 0 | 1 | 0 |  
-1 0 0 0 1 0 | 1 | 0 | 0 |  
-1 1 0 0 1 0 | 1 | 0 | 0 |  
-1 0 1 0 1 0 | 0 | 0 | 1 |  
-1 1 1 0 1 0 | 1 | 0 | 0 |  
-1 0 0 1 1 0 | 1 | 0 | 0 |  
-1 1 0 1 1 0 | 1 | 0 | 0 |  
-1 0 1 1 1 0 | 0 | 0 | 1 |  
-1 1 1 1 1 0 | 1 | 0 | 0 |  
-1 0 0 0 0 1 | 0 | 1 | 0 |  
-1 1 0 0 0 1 | 0 | 0 | 1 |  
-1 0 1 0 0 1 | 0 | 1 | 0 |  
-1 1 1 0 0 1 | 0 | 1 | 0 |  
-1 0 0 1 0 1 | 0 | 1 | 0 |  
-1 1 0 1 0 1 | 0 | 0 | 1 |  
-1 0 1 1 0 1 | 0 | 1 | 0 |  
-1 1 1 1 0 1 | 0 | 1 | 0 |  
-1 0 0 0 1 1 | 1 | 0 | 0 |  
-1 1 0 0 1 1 | 1 | 0 | 0 |  
-1 0 1 0 1 1 | 0 | 1 | 0 |  
-1 1 1 0 1 1 | 0 | 0 | 1 |  
-1 0 0 1 1 1 | 1 | 0 | 0 |  
-1 1 0 1 1 1 | 1 | 0 | 0 |  
-1 0 1 1 1 1 | 0 | 1 | 0 |  
-1 1 1 1 1 1 | 0 | 0 | 1 |


CDE
AB	000	001	011	010	100	101	111	110
00  0	0	1	1	0	0	1	1
01	0	0	0	0	0	0	0	0
11	0	0	0	1	0	0	0	1
10	1	0	1	1	1	0	1	1

~BD+AD~E+A~B~E

CDE	000	001	011	010	100	101	111	110
AB	
00	0	1	0	0	0	1	0	0
01	1	1	1	0	1	1	1	0
11	1	1	0	0	1	1	0	0
10	0	0	0	0	0	0	0	0

B~D+~A~DE+~ABE

CDE	000	001	011	010	100	101	111	110
AB	
00	1	0	0	0	1	0	0	0
01	0	0	0	1	0	0	0	1
11	0	0	1	0	0	0	1	0
10	0	1	0	0	0	1	0	0

~A~B~D~E+~ABD~E+ABDE+A~B~DE
