XOR
0.6 5017 0.0199949448864
w =  [ array([[-1.73271418,  3.88045911, -3.64574674],
      [ 2.81545761,  4.69581463, -4.81968618]])
array([[-2.20080279, -5.06639218,  5.61207888]])]
0.7 19931 0.0199909721482
w =  [ array([[-1.3567818 , -7.65487447, -7.65341821],
      [ 3.99600261,  2.7105265 ,  2.71042063]])
array([[-2.98928136, -6.91716811, -5.58103177]])]

0.8 1426 0.0199758357038
w =  [ array([[ 2.53410531,  4.30522373, -4.37732193],
       [-1.93034504,  4.28355925, -3.96067301]])
 array([[-2.17898147,  5.55671096, -4.99867217]])]
*****************
Palindrome
0.6 55 0.0198763896548
w =  [ array([[-0.15358997, -0.96232297,  0.08761391],
       [ 0.20935368,  0.70582949, -0.44752898]])
 array([[-1.35139825,  0.4898718 ,  0.50741533]])]
0.7 52 0.019794009433
w =  [ array([[ 0.80682539,  1.84577328,  0.02508168],
       [ 1.91704555,  0.70755454,  1.51218399]])
 array([[-1.940999  , -0.10821609, -0.21727687]])]
0.8 45 0.0196415831234
w =  [ array([[ 0.19185366,  1.89115844,  1.39063394],
       [ 2.59541099, -1.0092902 ,  2.56546202]])
 array([[ 0.2176411 ,  3.16441685, -0.38511615]])]
*****************
Majority
0.6 193 0.0198481721171
w =  [ array([[ 2.76024891,  1.28301437,  1.14130587,  1.17545495,  1.43294922,
         1.39774623],
       [-1.10274224, -0.86548133, -0.76884621, -0.97765535, -0.67775705,
        -0.64764152],
       [-1.92667778, -1.17717445, -1.14820286, -0.69349231, -1.12655256,
        -0.93276922],
       [-1.5947382 , -0.65698623, -1.04029092, -1.39627717, -0.60342051,
        -0.94766417],
       [ 0.16318679, -0.0994868 , -0.53273514, -0.02717736,  0.34228907,
         0.41832413]])
 array([[-0.29620992,  4.37152696, -2.41783499, -3.63938957, -2.836016  ,
         0.14731919]])]
0.7 164 0.0198512546108
w =  [ array([[ 1.84990658, -1.34358422, -0.89159404,  0.79949636,  0.47678784,
         0.05597766],
       [-3.89453517, -1.66563716, -1.83761985, -1.1767196 , -2.2199648 ,
        -1.58849   ],
       [ 1.03381052,  0.49792031, -1.18402129,  0.54232844,  0.27905759,
        -2.01726821],
       [-0.71543912, -0.19102136, -0.78684458, -2.18510298, -0.29666138,
        -0.30100147],
       [ 1.83265721,  1.55357814,  0.34689288,  2.14227116,  0.0595136 ,
         1.51737481]])
 array([[-1.5466102 , -0.98010504, -6.07841982, -0.76300702, -1.72508703,
         2.61495079]])]
0.8 134 0.0199912028644
w =  [ array([[-2.74330532, -2.91972796, -0.84072153, -2.36641049, -0.3760575 ,
        -0.43415659],
       [ 1.09171165, -1.34339136,  0.95975239,  2.84317603,  2.29576784,
         0.82840199],
       [ 4.01615428,  1.12141127,  1.99870685,  0.79026604,  2.07377378,
         2.34130433],
       [-2.09905794,  0.5715477 ,  0.20273959,  2.39537865,  2.13410061,
         1.04645182],
       [-0.32502853,  2.86526347,  2.22091017, -2.7425148 ,  1.13030451,
         2.38337331]])
 array([[ 0.05062364, -4.33112099,  2.43783646,  4.73003175, -3.52743159,
         1.0660892 ]])]
*****************
